[0.15118923054440156, 0.19076050737087988, 0.11174986038480145, 0.18726792430086897, 0.1253398065828761]
[0.183820878071848, 0.15445653292830772, 0.13354573524328037, 0.17933730303928622, 0.1432827170741287]
[0.09868823347648153, 0.1256698221115369, 0.16991078391753026, 0.17421340703214047, 0.13519367778483765]
[0.13387958299755795, 0.14064009109600842, 0.1747737378477644, 0.18135112997374278, 0.1264283653491492]
[0.1515438440060786, 0.08573407574238621, 0.12862868770876124, 0.13737471771861234, 0.1359289454024217]
[0.1276866964312388, 0.12569900216228827, 0.1480328449732741, 0.141820385125376, 0.1167864448868762]
[0.1619364676768686, 0.15119528920284364, 0.11636201292705609, 0.14836726649909326, 0.14451032039931724]
[0.13221908728566573, 0.12942656200087455, 0.15057366526951577, 0.2388805487475264, 0.11527744274042892]
[0.15257061917632125, 0.15824124251524485, 0.14324935398974814, 0.13858504653648732, 0.11952452248150434]
[0.17520719753113295, 0.14183232918147715, 0.1253635923240065, 0.1049424476227067, 0.13392791058632916]
[0.1511810808686586, 0.14326915215208255, 0.1353458913882007, 0.18755590405414502, 0.11685788222207176]
[0.15193122266242415, 0.14862053248594842, 0.11904841317779273, 0.13364922898555961, 0.14039907716811462]
[0.19584942452395684, 0.13303169234737883, 0.151627908159278, 0.1460464207847578, 0.14997877049428576]
[0.19214042177040816, 0.17418356027809556, 0.137138477932833, 0.18854174038054838, 0.08367083927514499]
[0.17030394242486005, 0.21428931662446263, 0.13022919080893208, 0.16552480467093272, 0.17516774862038664]
[0.17185398879425107, 0.1409117609718874, 0.11710279960599546, 0.1791710059086798, 0.11125300503800645]
[0.09136591714941561, 0.13147667743486616, 0.10212057301253444, 0.14616340216138193, 0.1425970596063505]
[0.16158086043030717, 0.11175145537400094, 0.16366424241507582, 0.17486558101662522, 0.15800719235040475]
[0.12144123043272602, 0.14768716373445448, 0.1155701950276452, 0.14971366126888708, 0.1166578384033692]
[0.10669513976201932, 0.12901999673974332, 0.16202573811275728, 0.16856117055540581, 0.17588136236094634]
[0.14999188890758738, 0.12866355362862866, 0.14996414095839267, 0.1435416497187611, 0.14302904269108582]
[0.12984147240635935, 0.14712438989319387, 0.11410896206540234, 0.17285061340587501, 0.1758954155577739]
[0.15925158677127593, 0.1264145701223747, 0.12417343795524177, 0.1488230540856518, 0.19725318097752154]
[0.11807387593176744, 0.14869730755488625, 0.16836162704031743, 0.21192815140727242, 0.13140204911643183]
[0.12542520200636506, 0.0854475751441633, 0.16712183962226776, 0.12926108244732137, 0.11919409020167267]
[0.13920541897762026, 0.1164609039999347, 0.14188028325344246, 0.1469020070797658, 0.12145982804496644]
[0.161939066081417, 0.1699129093794564, 0.11483022688768736, 0.11550241797938593, 0.14577342007051053]
[0.10743942624391949, 0.15075842186103675, 0.15944377292451942, 0.14504709946653066, 0.1318768680597134]
[0.10951616052812521, 0.15960233700495216, 0.13043564130002452, 0.11636733648006285, 0.15208133355895462]
[0.17231216459837095, 0.132261868331029, 0.1618857359582555, 0.1842097824952948, 0.12781364826193164]
[0.1811149630773205, 0.14911806278855388, 0.1425826330583147, 0.1427674639371447, 0.14135337618326219]
[0.1542512462133671, 0.14040470224952442, 0.14825721829329155, 0.18315899500183108, 0.1218999414061552]
[0.15777897015418024, 0.14026059978435862, 0.1137215238951094, 0.14456784270809966, 0.08667505062855002]
[0.12341764413372813, 0.14731044609567484, 0.09806767158832065, 0.15180595199883945, 0.14771660385307026]
[0.15832063906357477, 0.13921049007205574, 0.08671649456221416, 0.16738804319543482, 0.12846816206789308]
[0.13743543094261207, 0.16446413850702793, 0.10414121818645758, 0.1643604666984832, 0.12840947818290327]
[0.15932764544161732, 0.11879878072799507, 0.15630026828337323, 0.1346865873665856, 0.1451749863414904]
[0.172716918909816, 0.1927301788957094, 0.15470840639915345, 0.12563139619935376, 0.10205459748755391]
[0.15724609708115533, 0.11623675385194492, 0.13919880898176254, 0.13132104651000898, 0.14124416120235964]
[0.1434398257368506, 0.1464228232685554, 0.1455556212786833, 0.1368615410315624, 0.19506970890794006]
[0.13896152273550758, 0.1756872595901494, 0.1790670960632966, 0.10661167875513801, 0.1509756525036225]
[0.12591281680524366, 0.15036505951485, 0.1442375805292427, 0.18472437739200992, 0.17095099577023093]
[0.16797341968887122, 0.1717949490451565, 0.17969482615948995, 0.17773948050928565, 0.11473384502582783]
[0.12362510117879057, 0.17256439333595142, 0.11288428609840716, 0.11747198534237231, 0.13826649288341827]
[0.10961314388445766, 0.14834740592491014, 0.09777585382236674, 0.18419206100555227, 0.14815876536884465]
[0.17537562430133385, 0.14931985817104204, 0.12200500210938885, 0.16600454298394063, 0.13819243357636574]
[0.15243279287037945, 0.14912426841794693, 0.1305659875823068, 0.1615391569822899, 0.15762265255394534]
[0.11157736921785454, 0.1584663208764074, 0.17260755450009682, 0.11414710393424844, 0.10551608712996592]
[0.14895511972702816, 0.12520040477503713, 0.12435212755281301, 0.105784171997566, 0.11297325228179296]
[0.1524120245234284, 0.12188031546893917, 0.15215383159667467, 0.16622809088436852, 0.15886578401453597]
[0.1855170085683714, 0.12861130806319618, 0.08752234050741964, 0.18002621206553812, 0.1038746968636699]
[0.12758154021718143, 0.14983994626008587, 0.15202049738677173, 0.1651403941637811, 0.19041522018914878]
[0.12321913880354096, 0.1425183658129985, 0.14395765646507772, 0.17628919045059252, 0.17381725766424796]
[0.12549952097569833, 0.12611850513266115, 0.13210986827478505, 0.17570528979097616, 0.16164830721977294]
[0.20634102562140239, 0.18762424106316988, 0.1407558957143064, 0.17741880233137175, 0.11414617624447541]
[0.12574167664215166, 0.17658578732191363, 0.1506555450326172, 0.16067734853176807, 0.16537535541192463]
[0.1733601860410254, 0.1479355693709221, 0.18506255481431425, 0.11215260283298338, 0.16213021453574802]
[0.12462514017518789, 0.12303824428553939, 0.13770515831031616, 0.14457449905387157, 0.12622777835345042]
[0.1405295079058995, 0.1321296858902229, 0.1332239395160484, 0.10909933802858357, 0.12618548921775838]
[0.13904172746778723, 0.1605998084650067, 0.12208873242084332, 0.16710661414257602, 0.1324506287448643]
[0.15891090755123055, 0.1430829408138609, 0.10171386250799298, 0.1444843845015866, 0.10283384987086346]
[0.16869961394588723, 0.1597765397012291, 0.1607843486549142, 0.16032866623244849, 0.10975489906979377]
[0.19727413941179328, 0.17350137567776286, 0.14337546249140917, 0.12367874825961118, 0.14175530842160092]
[0.11179879958648663, 0.13180243064730826, 0.11862806609778695, 0.174303345091395, 0.13869396816697735]
[0.11502613278706128, 0.1571899504466857, 0.1212397963892293, 0.14276390810432937, 0.15433487036341353]
[0.13631841586854737, 0.16393890196455463, 0.1432871339625296, 0.17555143901451825, 0.14723292446023453]
[0.1247854153106359, 0.1383374175588381, 0.10510492498517288, 0.15233127767259264, 0.18539769647718912]
[0.11440019327226979, 0.16029424451481022, 0.14379679995698838, 0.12202342280857541, 0.15727116009179717]
[0.17606966316307782, 0.11284248929127436, 0.143255379669171, 0.10758429517871226, 0.15833506807729386]
[0.11244050755456901, 0.19165419756137314, 0.11990134187584509, 0.19184498232133457, 0.11069189010644001]
[0.17692099142656967, 0.1721986262638826, 0.1373102047717277, 0.16077078220674948, 0.13564627878389487]
[0.14320318240749128, 0.13570846408066609, 0.09680104564736354, 0.21480790296701346, 0.15388826975327752]
[0.15366527138756472, 0.11103314959522562, 0.10301440591427681, 0.14609874596418193, 0.13097682701230662]
[0.12538740062505882, 0.15984233800401818, 0.14870299993347144, 0.13238079960445231, 0.18194289505907768]
[0.1286847791013323, 0.11464126783704007, 0.11511238076740306, 0.1423965642637943, 0.15999910550154378]
[0.1547485129891975, 0.13701485681767547, 0.11663919580623265, 0.16586989348147968, 0.21336946041451754]
[0.20897329545801993, 0.13487294404976233, 0.1387141757469866, 0.21106164325625087, 0.11198763289841353]
[0.1794248504307794, 0.15831920671359495, 0.11816231120749353, 0.17864646583846724, 0.10798824558810609]
[0.11727106074077519, 0.17137126024929358, 0.10993855032039178, 0.14380650943985276, 0.13601467256020575]
[0.18490605456242196, 0.18955526528465233, 0.13166622761229899, 0.1438669141144803, 0.09804514073278688]
[0.17237116236458663, 0.11307548319744037, 0.1003461524172395, 0.1828896586804593, 0.10718750530020013]
[0.14176801469254469, 0.1093087627986318, 0.1465726839413953, 0.1661495221849795, 0.12489379677568113]
[0.1369042438972589, 0.1422758112543544, 0.11804301015473405, 0.1299944260853399, 0.1413413184662974]
[0.16500345997895396, 0.1309392568630722, 0.12444182462804906, 0.1593260867003634, 0.17605690575219984]
[0.13607983617190367, 0.10276336755697486, 0.11997484596717593, 0.16083024246150715, 0.09182150371865429]
[0.1344445996416525, 0.09938658109324072, 0.1179782346627967, 0.15545700301608426, 0.10544328927801279]
[0.19301679332944763, 0.1298875679624216, 0.15419634411085661, 0.19553380588133895, 0.10073451632749122]
[0.16058147085608557, 0.10556243973149192, 0.08517748815430032, 0.16645715630459063, 0.12420929073269914]
[0.13495223318408997, 0.1599070098632498, 0.16889743045629513, 0.1542918719270691, 0.1129649427781522]
[0.13232543331668775, 0.1868359947057592, 0.16599955532148272, 0.1249396533211371, 0.11596506581035983]
[0.07971060942170492, 0.15480012840451526, 0.12913761749112243, 0.11932748689930059, 0.08859763561341252]
[0.1483086554409047, 0.17904290674563578, 0.13838939929905883, 0.1524763807634268, 0.12569466955523756]
[0.14952655007947524, 0.16701321489329918, 0.12017978834271248, 0.1448758077333943, 0.10141076622346329]
[0.14439647074239714, 0.141436886911379, 0.11309192269491233, 0.13845968385579285, 0.18151674334750775]
[0.1636933245532017, 0.11910486699249603, 0.1599977446840429, 0.11594253958414823, 0.13454540015935798]
[0.16088597099625293, 0.1164791477814675, 0.13947896436675694, 0.16991831834516952, 0.14233798340983358]
[0.12626455579152493, 0.18591553992947243, 0.15882305753139117, 0.17049555111323184, 0.15275026649093312]
[0.11070926328942556, 0.11617179034941892, 0.1636407222840435, 0.20772955041245866, 0.11446872706837367]
[0.14990836814932926, 0.14760560925656302, 0.15296307539741175, 0.16518248367388647, 0.1610885962277302]
[0.14699755322261834, 0.1182428244031828, 0.11921326559399216, 0.14684959788202445, 0.11822335198629035]
[0.15196105303450133, 0.1170988937454664, 0.10455350330088019, 0.15993530926432542, 0.11929099328906898]
[0.09901143872498058, 0.14821839430778377, 0.14641523986133675, 0.12340427570807243, 0.15584046906072643]
[0.13604739881952688, 0.1409743802692509, 0.13563127032789699, 0.12634640854255025, 0.13314378499626703]
[0.15670143593053604, 0.14115888150259429, 0.15808841558208983, 0.17041759345175567, 0.14317290825862644]
[0.16130604332420917, 0.17471244327561922, 0.1293989912719061, 0.15982693035677564, 0.0983040125215847]
[0.20844866811578924, 0.17632065739747083, 0.13704150753320377, 0.16554687664396658, 0.13137800346069595]
[0.14679771445096151, 0.14242128175061858, 0.13441473781651248, 0.11047000658828748, 0.11945784965952139]
[0.12858890425381803, 0.17518380567991654, 0.12061065388486236, 0.1726710988821993, 0.15494088108022727]
[0.16636067808120433, 0.15716896496541455, 0.09852300772241321, 0.13714923014908925, 0.14233278192864274]
[0.1316330163620791, 0.1603241227941719, 0.11570014404440712, 0.18981379398556994, 0.1781131268481214]
[0.1636637673257728, 0.13540343476132877, 0.1283224549045637, 0.1582183381768363, 0.08934585977102528]
[0.10644016085926765, 0.12507075022478326, 0.14282149970354388, 0.15084747505092813, 0.14774480226068018]
[0.19021782357794884, 0.1306432024675498, 0.10012566112881041, 0.15033926571286674, 0.134498891560623]
[0.13318541389344174, 0.12489045992325139, 0.13838959902711379, 0.1395082718023593, 0.0960109072189179]
[0.1791404174304201, 0.15451345719693563, 0.16397433454945265, 0.11970719724726649, 0.11602357208461149]
[0.14369227949157837, 0.15103558022379834, 0.16509730529402225, 0.1702545042981421, 0.10120530461876498]
[0.1372939855067235, 0.1555380451729362, 0.13377780309245826, 0.1644048117394072, 0.18383209516639304]
[0.1399813190731661, 0.16775264381451582, 0.18611689031670528, 0.13190176500108525, 0.1339933029380553]
[0.1494388423170365, 0.1405546262599897, 0.14196747827827824, 0.2035553287458845, 0.16570522618799063]
[0.18022322419316214, 0.1179784472402402, 0.10411431885619392, 0.14822776864674964, 0.19388579850701793]
[0.1802521866321097, 0.13381352445763592, 0.14239707055795076, 0.1653268850742637, 0.1405294286909172]
[0.08304145032726302, 0.15291859413138173, 0.18113050250661725, 0.16597131340655646, 0.15018860839586218]
[0.12655804723747166, 0.1234231462703151, 0.0911876515135157, 0.16311578311550934, 0.13543371386805092]
[0.15572279767321587, 0.18186250440445736, 0.11426762535002977, 0.12004975842598231, 0.12786206331001604]
[0.13882602159045, 0.10961685681447597, 0.12593515796806698, 0.1721826517513739, 0.1361275562035731]
[0.17030132042110643, 0.11244162955156314, 0.12350837669100623, 0.12687175612588075, 0.15176462578423353]
[0.17578702078644798, 0.11777485124533742, 0.14756471375618288, 0.14370774745234302, 0.11261019327478071]
[0.1959463853256624, 0.1483182329174903, 0.17993098300978122, 0.1345956499792859, 0.12987485434009383]
[0.1615411027599346, 0.140681472204429, 0.11285067869944147, 0.17651203579052036, 0.1277351818759508]
[0.1574131119200298, 0.12243683445893304, 0.1549258536206679, 0.18571275815812233, 0.15218086664132122]
[0.1990120298001585, 0.17089758079528536, 0.19559827374916908, 0.17815296041272355, 0.1371858225282812]
[0.16222362588778644, 0.1574152870361258, 0.15885030404958458, 0.13398434904222226, 0.13691867155199305]
[0.15322058533419802, 0.16629889913637333, 0.15133699585341173, 0.14039645259986805, 0.17487735165905866]
[0.1784074448332521, 0.1367682409242596, 0.1273961004178314, 0.1649728106008286, 0.15779736159199567]
[0.17102669231692696, 0.16716010964966665, 0.11281228265091016, 0.13246182786516966, 0.14938745349929825]
[0.16784452450672172, 0.18584575566336298, 0.10220193031953947, 0.1563606378222921, 0.06993405050050706]
[0.15281977369757394, 0.11370109326330971, 0.12154555705158467, 0.11012096369358085, 0.1668341493610081]
[0.141545581506014, 0.13392372022541352, 0.10847990227285663, 0.12177431483492324, 0.13474925261272064]
[0.14438851039565842, 0.13922155098718467, 0.15981397339896197, 0.13742866385900396, 0.19710964013248544]
[0.17081254882341115, 0.15712089502489818, 0.08132867577725787, 0.17381651454125358, 0.1734561079231947]
[0.11766713464738099, 0.12376017668897288, 0.12431622621689027, 0.13426588331933498, 0.11454503406779545]
[0.17617766155499606, 0.1518614651926542, 0.12220578698437723, 0.15542858796750852, 0.12236925380731437]
[0.1205376948927918, 0.1465681212594218, 0.15314893246929182, 0.17068383043510515, 0.13614623101795809]
[0.1599910134011113, 0.1589402756689286, 0.07739070451187367, 0.17402586382970536, 0.12257119566141136]
[0.13707990007010828, 0.16579469283720982, 0.142346340821958, 0.16092502188763128, 0.16112778058349406]
[0.15988327081247797, 0.21334345200122962, 0.15149642636051305, 0.182812738773575, 0.13107048722232673]
[0.1922612014843209, 0.12555538638045788, 0.07631532776339703, 0.17135106400801495, 0.16518065289478612]
[0.1302066188225176, 0.09933382818577895, 0.11775701942782796, 0.17600640340619, 0.18364061835210632]
[0.1315394276144511, 0.10021928064192076, 0.12870376126880217, 0.14958257898268332, 0.1948929696872409]
[0.16762570256575154, 0.11516027447053796, 0.1173933665987915, 0.12409704319747628, 0.08730435719058252]
[0.1752733651742518, 0.13984612319709394, 0.12399693268249244, 0.15732665928935538, 0.11361022893188423]
[0.13678753133315763, 0.12626998323709154, 0.08194209702378669, 0.14470484824196078, 0.1297211240549501]
[0.12041473741121411, 0.17069679180213834, 0.16269205735214534, 0.15686401710762474, 0.2336038507717202]
[0.1563431974311236, 0.16095611916577102, 0.13372021940945122, 0.1441211459813459, 0.1712125801219322]
[0.12460646227020354, 0.13917548390848644, 0.11481228581679137, 0.17024649977240192, 0.13891455252740204]
[0.1540613278910011, 0.17233437956459982, 0.13064729716721532, 0.16991007892666923, 0.16096703594581724]
[0.1720239571023806, 0.17385030667242654, 0.13066860685418719, 0.18520314075171648, 0.20062462304720927]
[0.15206939069324263, 0.10917836270566236, 0.07330960234303073, 0.12918135679854578, 0.17095689455695776]
[0.15672139401893495, 0.18870959466288564, 0.14732943195049808, 0.11901022778454756, 0.1354976182027231]
[0.1550764149071715, 0.19950065878584122, 0.13758157494347625, 0.13427007440150773, 0.14027594245418615]
[0.1452301020749639, 0.14951413226733318, 0.17734670500569438, 0.18694617816921247, 0.13771551274193491]
[0.12590516950787928, 0.1251182526545598, 0.10194246642975931, 0.1619340101821216, 0.1251723283113759]
[0.1320917665234484, 0.16432103180540023, 0.14148056309098375, 0.2056567314660536, 0.15545229570543093]
[0.12670407057121558, 0.15847438824936697, 0.10897501246063089, 0.22624781417389983, 0.174900859383391]
[0.16889708138588258, 0.18863677676799104, 0.10192766361231481, 0.1342809258290792, 0.10127399791590179]
[0.10247704385850215, 0.14890584003295115, 0.12573682461166757, 0.20645823508726033, 0.10178629059937684]
[0.13368903863776438, 0.1514635040593217, 0.17741244796861425, 0.15617784913361246, 0.13539091095139089]
[0.1443408661373141, 0.1300354434074447, 0.12672777425985687, 0.16637798292834183, 0.13979412119969326]
[0.14078549316461839, 0.2025924953268867, 0.07511181326520872, 0.1628463453764716, 0.15737399784756742]
[0.15630425852237015, 0.15814619975854394, 0.13145715843067354, 0.15686207909675398, 0.14183999049178772]
[0.15612281538562556, 0.10813561987255893, 0.16541417420615584, 0.14497561312101978, 0.14040600002328]
[0.16231457105066255, 0.1822441629589094, 0.16378011397507947, 0.14541510694846646, 0.15305983696198752]
[0.10156986200927491, 0.13617890246373485, 0.13943127174859693, 0.13036240858696652, 0.08970417794394875]
[0.147991703581136, 0.1458701555024739, 0.10971005680026404, 0.11995910565030787, 0.11188354083771736]
[0.12510270697213904, 0.1672042132440052, 0.13570305391202442, 0.14282031102570392, 0.12896779563970442]
[0.093334539749642, 0.18236269356777207, 0.10834023533475597, 0.18090037241220225, 0.0728421875186827]
[0.14392530291083191, 0.11913147956138852, 0.1070175694276101, 0.13572181280744208, 0.1898356123159773]
[0.17311590548060415, 0.14201345571002258, 0.11723789953997175, 0.1750299698282395, 0.14402615510627842]
[0.16114100209981055, 0.1262573975814053, 0.11717399008456256, 0.10698856579630471, 0.12950337516659416]
[0.13151642196378857, 0.1267606074135753, 0.1263533296534406, 0.15573440730924235, 0.12934281786288557]
[0.17197964112142922, 0.14095743777575265, 0.12707759645514427, 0.14598152078263524, 0.12334883632851522]
[0.1436015507531084, 0.09623410768094567, 0.17156378367165206, 0.1533875616466176, 0.19117179990599575]
[0.17602671141345416, 0.15286129438337343, 0.1491201104057432, 0.1395866355655002, 0.1988406499203486]
[0.18338399274905468, 0.14955097148239926, 0.1482502804108809, 0.1813316915488679, 0.15289526573724607]
[0.12742043505166908, 0.11256648516381566, 0.11692855094146676, 0.16899601523372862, 0.13625047901769038]
[0.1131363357555562, 0.15270398039266234, 0.15230010252113213, 0.15732164074404023, 0.08378518842253413]
[0.18837522091441003, 0.14514672006476234, 0.13194689133247844, 0.14479276954021764, 0.13373618028026707]
[0.1746204978925349, 0.1085933341520535, 0.142445582397318, 0.14823744792335222, 0.18610063094445267]
[0.1810716134722051, 0.12759436707349708, 0.12430510356491957, 0.1400431143946771, 0.15463312445654198]
[0.13457719233106394, 0.07828593726959591, 0.08215908256387242, 0.11250220967545571, 0.09644834386845769]
[0.10968348872485015, 0.12624489626492114, 0.17179332306124673, 0.19663304622379896, 0.15949345693611522]
[0.2048399105137005, 0.11884564541684366, 0.11024236855945702, 0.20951879144391447, 0.16973704115442662]
[0.15468574437294072, 0.17079562567569925, 0.14460517881456536, 0.13972645961391456, 0.1483479560448171]
[0.14560153615853874, 0.15791238735589777, 0.13478957952526813, 0.14283216318487002, 0.19754279582959242]
[0.14653581904325153, 0.11762043414802414, 0.17270537795117138, 0.14663333473772394, 0.14585379623536393]
[0.15492398137550822, 0.16436393717191836, 0.10947729098002747, 0.14925130619429472, 0.13066483460483225]
[0.13005453737007155, 0.18458608391864495, 0.13481836115412735, 0.1602219167413678, 0.17930941476231063]
[0.1143272333355743, 0.1579217392840009, 0.1095037462469158, 0.17084699186408148, 0.10782107493046426]
[0.13823982041709812, 0.1170437534926594, 0.13225286260850214, 0.1497429741519214, 0.15904392536290238]
[0.15767472320619458, 0.09799696029430437, 0.17471751986475004, 0.16385566891951847, 0.12542695694536635]
[0.16451088383371212, 0.1660219640757293, 0.20316051181602873, 0.15421989476118547, 0.18898753108623367]
[0.1802134001539509, 0.17844812365538112, 0.13297795394797454, 0.16195622577168534, 0.1376922809043424]
[0.13708948489616735, 0.16729355438578608, 0.08827821247662725, 0.10829310292790405, 0.132954510446886]
[0.12027135353311406, 0.13038221662623745, 0.1424945305871614, 0.18330744343932173, 0.11025870686411211]
[0.1618061999737977, 0.13425828876718923, 0.12763804520319372, 0.15040588013073852, 0.17660372376118857]
[0.15605583794770855, 0.135799697882615, 0.08464133875566261, 0.17995244684887746, 0.08169243853078488]
[0.15304410176365457, 0.12585948801398972, 0.08490963513242757, 0.12684935874030884, 0.1481640681680005]
[0.17111138644941504, 0.13042744482122012, 0.10599699590208357, 0.14758742131429484, 0.1700943617735835]
[0.1588881027838284, 0.2003146906126408, 0.14890785790865851, 0.1646644847160494, 0.13378492777529044]
[0.1286422907644902, 0.1444865782115477, 0.1475871291924144, 0.16438460074283232, 0.1351554202969186]
[0.24193199816995556, 0.14722401200018614, 0.16288402096690563, 0.1805495586922575, 0.12332280577610788]
[0.13551444455972508, 0.15970380218350644, 0.1563769536365536, 0.1354310234185064, 0.14067032020005976]
[0.13128194355773962, 0.1957784787560287, 0.15328270873605723, 0.15714993098959248, 0.1580029684024299]
[0.16571070338164, 0.11700659660521721, 0.14030646125778937, 0.16707554754814824, 0.15879178645238556]
[0.1060422185732692, 0.1488862448779144, 0.13496286236380245, 0.181658892633087, 0.12689380501929945]
[0.13158752727587547, 0.18547686682083872, 0.1594709933210337, 0.17027690075256574, 0.1213337989509694]
[0.157823326242306, 0.13089638285552388, 0.17651256073823957, 0.172319342301582, 0.1679277045583011]
[0.15531845081242493, 0.12205027092335365, 0.17388650506755685, 0.1910156393696519, 0.14235233950167242]
[0.14129126213629334, 0.1128806835282355, 0.10408545412457669, 0.15933981368588615, 0.10173309048198137]
[0.17642329107740728, 0.13384061628448854, 0.1521207187892909, 0.1401310829913016, 0.12140305733987718]
[0.1302753788443561, 0.13772614246504525, 0.09064055254458708, 0.18909467375232603, 0.1637073502755314]
[0.1534920440818305, 0.16059578798239457, 0.11153032567723555, 0.18242854812800635, 0.12898474513778282]
[0.17011861033668924, 0.1572169005190261, 0.11812762214836771, 0.12134049937770332, 0.08154002993723376]
[0.14813474641244395, 0.2101228817773686, 0.16239488423615706, 0.16060561191380526, 0.14803056864821512]
[0.14899990744744582, 0.13803986636800766, 0.14193188711552435, 0.15508030424415611, 0.1621577736487218]
[0.18095894836142432, 0.15856922973765888, 0.13874147663594083, 0.15580041411168646, 0.16121412127195622]
[0.15809267199827656, 0.15222870171861372, 0.15991225409703896, 0.1505725259915602, 0.09457169924532609]
[0.14781986182645224, 0.18079577761113658, 0.11682164863650547, 0.1754345775586341, 0.15814594105055949]
[0.1646623939462518, 0.14567227373918834, 0.09961102850006122, 0.16889131683498568, 0.1289054855265553]
[0.13374542245818985, 0.12093637197744973, 0.15413006326365536, 0.1808849837461311, 0.09177924312668777]
[0.18875361007548674, 0.11600208727992899, 0.11043495890507371, 0.13646585690124816, 0.19237991672736585]
[0.1406850920961647, 0.13588052498202222, 0.10088093224122266, 0.18100568995097557, 0.1447116548856149]
[0.19474331032067962, 0.1302574261383153, 0.16400890706161445, 0.14810873322761056, 0.16198846019542693]
[0.12044674532548692, 0.13617846120465432, 0.1707720666137867, 0.20531678763573757, 0.10046010679516935]
[0.11723908239709878, 0.10933510627761149, 0.1574528367714179, 0.15833879709068205, 0.1518044534932702]
[0.12633844698740357, 0.1561850078217652, 0.10458381723276755, 0.15272201729049975, 0.14529577230452356]
[0.12447987627975407, 0.16560501160874405, 0.12295129653908168, 0.16797933669927817, 0.14474267215063108]
[0.1495995432908739, 0.13685990697296016, 0.12960732304274883, 0.1456361745869885, 0.13280748531516318]
[0.12918808986269179, 0.11724194013392128, 0.13594317492767796, 0.11970513101736607, 0.16773808332993723]
[0.13590487097765552, 0.18226931953623202, 0.1664927848519771, 0.155049735815455, 0.11038595842054377]
[0.16063922743859824, 0.1288326217073463, 0.1573408829599243, 0.1674594254388825, 0.15185433344498986]
[0.16488243102928174, 0.13690598432243664, 0.11999601886954171, 0.18166962044796775, 0.12186678889892999]
[0.1139702245625001, 0.15177347631515858, 0.08888597628277521, 0.11585306990663861, 0.1724740369843298]
[0.11572796699756119, 0.12220113298285994, 0.13094131055338026, 0.1390288646016768, 0.14285038126984667]
[0.14713538799472997, 0.12405163044424139, 0.11495846124466302, 0.12876297696860106, 0.14084507656384657]
[0.13412631507340805, 0.17134424315775768, 0.10661297298056002, 0.1652079337948582, 0.12809322226113318]
[0.16232289076927697, 0.13924999165705862, 0.18950827633161063, 0.17439344599938925, 0.14455418004824933]
[0.17166819141220974, 0.16587159493401266, 0.12020902131169386, 0.17963419737514308, 0.19014183466017975]
[0.1294530992930418, 0.10443471339839018, 0.11441800043962085, 0.12001381807608892, 0.16842430706568248]
[0.16658916750846892, 0.14799703003393688, 0.14597018685017352, 0.1750382996461706, 0.10894860407653967]
[0.13796266906897717, 0.1149212744251396, 0.13295102683525434, 0.16830697108575368, 0.08909289945349143]
[0.15080243796612985, 0.1440978003546535, 0.14293644891672128, 0.15622428538128116, 0.12072337718529157]
[0.11788844250657864, 0.15338312473920315, 0.13156817233232243, 0.10740126058829196, 0.1350243952383719]
[0.18094135334133413, 0.09154377092548256, 0.11173341489996091, 0.17415496939044847, 0.1492440550557845]
[0.15929024958259794, 0.137943335700537, 0.0953221513188823, 0.12572023885028177, 0.1310386434494425]
[0.1838181225465118, 0.14141576161013336, 0.1743450278499797, 0.1490522921955463, 0.103438913778637]
[0.16955959913222823, 0.13592474638734062, 0.159208611586789, 0.16868634103475055, 0.12762421737422197]
[0.17681625944415913, 0.148117422952437, 0.1387296753799774, 0.09622804072194115, 0.12349271985713335]
[0.1344902542745954, 0.14651384605629453, 0.17500782174780194, 0.18956485090600675, 0.1275666345965498]
[0.16670719160125952, 0.16508040711638952, 0.14340020498015962, 0.15044432644886482, 0.15671277679412973]
[0.1463617594844153, 0.10594433991931775, 0.15848561835116742, 0.1706082362122308, 0.1627417262368723]
[0.16681860674040375, 0.1080010034565488, 0.07162749761890858, 0.15628547445045965, 0.11987279640729125]
[0.12901999673974338, 0.1626378527067276, 0.10339895198537022, 0.16589328845056267, 0.1335004121928405]
[0.1569983773599113, 0.15274877001841866, 0.10041626410573104, 0.1368246019155694, 0.19176590829406304]
[0.13546408227194423, 0.11782729396406985, 0.169001566632004, 0.18068913999901062, 0.16096935563770198]
[0.13415680941143265, 0.15382777385548502, 0.1447759439054135, 0.20119225104345434, 0.12307569407479449]
[0.1493695581550062, 0.13302067862970707, 0.11049884324519915, 0.16647224017199655, 0.13646715544812502]
[0.147484589260956, 0.20815758784179328, 0.09986843464245444, 0.1628851314464144, 0.15152526489982718]
[0.10877847985325634, 0.12268202151019073, 0.10214346897835615, 0.12123054554739138, 0.13953108073350243]
[0.09754138595122001, 0.1742520937992584, 0.133303705234307, 0.13896203373502636, 0.12996558876009526]
[0.11591662069491593, 0.18021676341806303, 0.09429773201714305, 0.13930929066015063, 0.14068934207946363]
[0.14562666784736727, 0.19034938946992958, 0.10222822185870037, 0.1752044511870288, 0.11906356313019048]
[0.19857769671560016, 0.15006838911487988, 0.16884868874096756, 0.10836019188951033, 0.1357676977708873]
[0.1833386907838485, 0.1880155596446842, 0.09882833224553558, 0.15526687121278837, 0.14659732039058299]
[0.17324170657471158, 0.08759258870014074, 0.16435753782664733, 0.15866650922266076, 0.19553349558466815]
[0.18402848078401818, 0.14813073875245983, 0.1233301405180655, 0.16295035823896142, 0.20361454584483388]
[0.15590370850416216, 0.15515194211129296, 0.12713339753116276, 0.14296568055117767, 0.09766379752183559]
[0.13681293454633672, 0.14226232199976574, 0.1638225303626034, 0.18244595079197418, 0.10762583350797392]
[0.12554525498239763, 0.16653569903811702, 0.1215589647894074, 0.16001526006478034, 0.1196497172681416]
[0.14955990870372587, 0.12490474358436038, 0.15398388503428131, 0.15770857171534747, 0.1469710183600401]
[0.1368171213009867, 0.16711896470284507, 0.13480252093022188, 0.1455060264572688, 0.14884420851921984]
[0.19889880756658865, 0.1201528939776195, 0.11432366186877103, 0.15114393100950094, 0.1020907351415804]
[0.09465536229609818, 0.1981434882297825, 0.14400040704410352, 0.09157572010937665, 0.20031021701893495]
[0.12429957595930245, 0.14791344369260764, 0.15629191261341333, 0.1523206664296382, 0.09665298594215992]
[0.15850740995615809, 0.13306767889863602, 0.09404621067890397, 0.17098343776056807, 0.17381307810782362]
[0.18160159752343974, 0.15130512040088537, 0.12811736070558558, 0.1953574930078044, 0.1316035208375808]
[0.19846354125914928, 0.1276072078350505, 0.13193008446273444, 0.18477675611253352, 0.1505733430859701]
[0.1894038900086134, 0.14190298675821048, 0.15995698624140153, 0.13815539306559627, 0.15241613861485365]
[0.11649756134824746, 0.13010078791056093, 0.1370232685377231, 0.15400208426317208, 0.09923481510906937]
[0.13866351161438528, 0.143096356556126, 0.09918668682385247, 0.14622466585799257, 0.13746741507884824]
[0.10576981610251941, 0.15868003136533199, 0.15913469235751274, 0.17514311150302458, 0.12367867377193259]
[0.1814044313539627, 0.18198012692243892, 0.17609941564081372, 0.12699795134302533, 0.12573053764372238]
[0.18932308323937452, 0.16185218164085763, 0.18436562247409405, 0.156305903471826, 0.14361410961349966]
[0.16202040498638184, 0.08884840164251014, 0.11061025069928535, 0.1270898433108791, 0.14861195982649938]
[0.17129229455101472, 0.09732949944720773, 0.0907756103165963, 0.16763864032161233, 0.1842962025279327]
[0.19745425762534122, 0.1335517959765976, 0.10934739165797988, 0.1506434604438292, 0.12219255601262549]
[0.17130333470287376, 0.16994095444086835, 0.127348422637775, 0.1622437533591575, 0.15384865786590654]
[0.11636778617010887, 0.08699693275121378, 0.13396761728116535, 0.16139206050125415, 0.15331301039667433]
[0.18523500425849385, 0.1601928728320513, 0.1632660461558974, 0.1489431627397014, 0.1366724529791936]
[0.15762845942458253, 0.12625091753397238, 0.14229274157608413, 0.11301152976442004, 0.14236320643457537]
[0.15316661733517073, 0.10760653955131004, 0.1306071861204618, 0.13076457635984062, 0.11672210385884413]
[0.15283737547484685, 0.1653763374792678, 0.13542939766224257, 0.10931419670198453, 0.15621081160045114]
[0.10591728250464628, 0.15170464966641528, 0.17214922245219863, 0.1599361369525205, 0.11711357902470017]
[0.13606941768463354, 0.14785193529261786, 0.12026566346572061, 0.11562289352640034, 0.12557907250580028]
[0.15297962896708886, 0.13067641658728915, 0.11740959845069233, 0.11878324454775217, 0.09895556927279008]
[0.1605592567103678, 0.07855460473659959, 0.16495867065822828, 0.16652985926395136, 0.11571885406739449]
[0.09916882058827312, 0.1689404806530076, 0.15411964266963632, 0.17986079824683004, 0.1611364660294105]
[0.15238530487147733, 0.13559368105823824, 0.14045750419919503, 0.18731161389513876, 0.13464879125755805]
[0.16791739981820542, 0.09568242566882842, 0.12494477312330156, 0.1541359506573742, 0.12091131493272785]
[0.18305756500834744, 0.10052670714049516, 0.14316448562466094, 0.17805751696330363, 0.16287924999048303]
[0.19400708274046555, 0.19500462489070378, 0.1567837662701453, 0.17330856020760366, 0.11182773982388043]
[0.1550717849491844, 0.11444105693152301, 0.08531498990096391, 0.16936506565760684, 0.1136062788059335]
[0.133091543408949, 0.11620520196335851, 0.1359871876534364, 0.14696086852935494, 0.15499729146932018]
[0.18916724084982867, 0.150859153262097, 0.11908924537558811, 0.12067606064649085, 0.175812146874228]
[0.1123740204309873, 0.13531093134272176, 0.13851693668998277, 0.16146589768734207, 0.14626628756330531]
[0.11687655759090307, 0.14511707879566016, 0.133584789302402, 0.15207627862699588, 0.16502041625887504]
[0.132871431985114, 0.144646921650437, 0.09795835821651203, 0.10947296113657785, 0.16641873826129427]
[0.15888022326112403, 0.16153330382592035, 0.10337847235130013, 0.18059508224069007, 0.15426789075155234]
[0.13395692187798414, 0.14545163465654898, 0.13609826558665003, 0.164428992181944, 0.1385695286444411]
[0.18140037319815244, 0.14090766470828497, 0.18187827425389294, 0.14254858244564397, 0.13259163022825826]
[0.12994553444953233, 0.12571647246141807, 0.11630295254762507, 0.1808275167927305, 0.13419331802934423]
[0.17887162708451784, 0.11345253423192074, 0.13478178298429036, 0.12243997800910704, 0.11742308774593993]
[0.1688451143717176, 0.17257937767357368, 0.09652866114547169, 0.16608851673202138, 0.10041508761951029]
[0.16913953534808562, 0.08873293127340179, 0.18120501722509147, 0.15310620665657448, 0.10765659720151041]
[0.1941288073703302, 0.18315695665395826, 0.09622862567549319, 0.14660824951464305, 0.10996638000480506]
[0.10850574506119601, 0.1538132847174042, 0.158400402221207, 0.20467939279629, 0.1272415968167382]
[0.14792365834859442, 0.11316303742011362, 0.12520119766502558, 0.15332697280211238, 0.0876199546400647]
[0.12331081025350189, 0.09675580454402932, 0.14116644152087687, 0.13755262587606826, 0.11815135189497512]
[0.14195201871128812, 0.14889713773190727, 0.11971426444737682, 0.15407608781428386, 0.13660767849481478]
[0.17882996803751047, 0.1560353370044078, 0.1277389408678546, 0.12559138164183295, 0.14810890820546163]
[0.13962098241818652, 0.16563748912901172, 0.12734943998141462, 0.16785513224352758, 0.11468579205362307]
[0.12217652664350633, 0.16197724924029774, 0.13610010832252695, 0.14729761683959533, 0.18455466891432923]
[0.18985832365280134, 0.15638993640881046, 0.13928991355893552, 0.17413038529792652, 0.1287883249679734]
[0.13727855806194872, 0.15345431798252493, 0.12558957884750424, 0.16391761162167645, 0.18645051358562278]
[0.16278149424167634, 0.07729910623157227, 0.13728003390815555, 0.1357469248208866, 0.1419597197167727]
[0.19767705814644046, 0.13447111234484263, 0.15386731047268543, 0.17455222474975807, 0.14304096865681665]
[0.12326897331956677, 0.13518705122417568, 0.15157708738651704, 0.16916635762831228, 0.10396107567760901]
[0.159728177720569, 0.12125054625925942, 0.12468699313187497, 0.172376905635562, 0.14596900440392757]
[0.10985642109808312, 0.1276131635995321, 0.12779741138842787, 0.18134626060918885, 0.09511397112473634]
[0.16692339488803196, 0.1398302067524996, 0.11524384783004407, 0.16260462777544085, 0.15111881456224058]
[0.10351956230941466, 0.1434547194241465, 0.1397887824811724, 0.12531338553055923, 0.0944437634962892]
[0.12554409954407858, 0.1461769940580809, 0.1746608131952796, 0.15351561363343724, 0.1242849748964589]
[0.1686262412871899, 0.13324035410943824, 0.13348511979770183, 0.16016849181424325, 0.08477489385300432]
[0.15829983934100342, 0.13910997055495555, 0.07539925669812901, 0.1392488716251379, 0.20038883752132045]
[0.12083371192812511, 0.14307675321064153, 0.13010157154829563, 0.12994395947995108, 0.1632480427770756]
[0.17274440452426343, 0.13618312783376282, 0.13595159566096493, 0.174312842544652, 0.1696263592995879]
[0.15092837098353454, 0.15450009046659832, 0.16592810736282776, 0.17825856775155005, 0.08449177310455702]
[0.10971575433558178, 0.11205732674913979, 0.17385050032938598, 0.11733318888767995, 0.13828574969742566]
[0.16487129386179242, 0.19926028815100696, 0.19579466395254994, 0.15718660175536414, 0.1340637514930239]
[0.20057164498601632, 0.1312800710486295, 0.14597033898376982, 0.1323617424889508, 0.12432774623107296]
[0.16066091931224594, 0.15825662448499075, 0.11173690000479149, 0.10665255865784062, 0.1507638270974243]
[0.16695249250777025, 0.17705795768813218, 0.15593023164235653, 0.16746481274193004, 0.09780494887883022]
[0.1366545311044191, 0.15607353968873128, 0.11717218131875738, 0.13884276684907762, 0.12039592207657494]
[0.1618120922614577, 0.15136789337228948, 0.10598755611536141, 0.16330882055941054, 0.1377819477164543]
[0.17789127802351135, 0.11815866548755492, 0.1561247838676197, 0.17644684641018096, 0.15337025409189456]
[0.16101484819505574, 0.18262880366549622, 0.11508682650418862, 0.17789348045521677, 0.1521040984329252]
[0.1655367979708732, 0.1414748156325292, 0.09842339077817633, 0.17950452842930742, 0.09378871964777881]
[0.16738635525982326, 0.16781118346719862, 0.15026203586138284, 0.132874322011665, 0.15684059447164167]
[0.18016636532288735, 0.10602839223269006, 0.13738424553790424, 0.19038429741712598, 0.14383648171321348]
[0.15682545201316672, 0.13944423482014337, 0.14565192907877053, 0.11324669064163193, 0.13460779782394222]
[0.2022650724756731, 0.1270259949210037, 0.11183863933312163, 0.15350492373222102, 0.1238823632485027]
[0.07062954079429105, 0.164843098917193, 0.13546018657578834, 0.18763821259003052, 0.15678807096262953]
[0.1673362231035891, 0.15117857300185605, 0.17336524942384315, 0.11929542791273207, 0.1234275375487574]
[0.08992604409579721, 0.10800923634054921, 0.14648003489656122, 0.12287075462493892, 0.14624643159093478]
[0.11153144569195308, 0.1247431454298544, 0.12345005139901565, 0.10331376537792646, 0.1472975533830568]
[0.13634158752252554, 0.13689016787798133, 0.15256497533340627, 0.1740224579598568, 0.11424646115151613]
[0.09088700658947398, 0.11496646385199427, 0.16400945365680844, 0.20100492722973526, 0.09457487685532702]
[0.1429121361321249, 0.18049361311971782, 0.16243540642229037, 0.1564146323581989, 0.13590293697190536]
[0.14875108303526471, 0.11695726914735106, 0.12439968780877068, 0.14554561051025613, 0.15214797996801052]
[0.15608440333303147, 0.13322674227945497, 0.10982861032227961, 0.14008677964887806, 0.13247362109321253]
[0.13045600304740032, 0.16529525566459685, 0.13566956013168588, 0.17010500224977834, 0.1659880993748702]
[0.1655651136371123, 0.18958660532764451, 0.10508018089299107, 0.13116648116900156, 0.18265070929567978]
[0.16551459110218528, 0.13293259830734308, 0.15905261936730786, 0.15868843745914318, 0.1258211934896353]
[0.15113665424104009, 0.11110967094951427, 0.15733752005299906, 0.17001412611955888, 0.1427216519427745]
[0.1368311380030243, 0.10357723953256374, 0.10957267104157524, 0.14004086648129607, 0.1046605204156885]
[0.15821143263069154, 0.12315613258183675, 0.11363479839064282, 0.18597068758265223, 0.11698698387685579]
[0.13996805112040342, 0.09531355371450252, 0.1348746210705667, 0.1639813255387162, 0.20970674127547898]
[0.14048978152209282, 0.13987710580811094, 0.13236412579727694, 0.16270187329426308, 0.08090612772477283]
[0.13227935166952082, 0.1717088879822395, 0.15161638938187755, 0.1491944943269435, 0.14617583831627712]
[0.13441790071402226, 0.21265543670564388, 0.12175530616451524, 0.16408541330023121, 0.14074072609225058]
[0.1167767866571045, 0.07926180313466592, 0.153248169808305, 0.17902788845011527, 0.17055336619149228]
[0.12741124015287864, 0.11523441554829654, 0.13360729304512528, 0.14167759266364804, 0.13895256342448156]
[0.13808793644533818, 0.15125303900930095, 0.12729881409982077, 0.16459726758230564, 0.1481313005717802]
[0.14999242483437492, 0.14432249794154972, 0.09478069393454809, 0.15739310225229775, 0.1334155087331132]
[0.12403692083401024, 0.13044744891745652, 0.16853666054462732, 0.14550356760298525, 0.12702270318805825]
[0.13352347579655494, 0.12132133957717901, 0.15360286441008927, 0.130171254817793, 0.15302615317078663]
[0.23388389485432376, 0.12507066242436202, 0.13558421470665627, 0.18191007881566754, 0.1261018782639039]
[0.08629775580653051, 0.2103879320711882, 0.14565489379238641, 0.17411032733335632, 0.14344793333307732]
[0.14552300433247492, 0.1517920798748428, 0.12422497801351756, 0.18971590362562873, 0.1592759342734878]
[0.1526150601944283, 0.16282744658002338, 0.15342390654664145, 0.15629991308561014, 0.1658604929685407]
[0.15595515393838935, 0.13630316466769957, 0.115314549441027, 0.143898923794911, 0.10421857644699316]
[0.14303956452434477, 0.1603984706514719, 0.14394567501312347, 0.15165188476871097, 0.1508130764185501]
[0.16224438343104908, 0.14936076614413202, 0.15415600588442985, 0.15357886925540848, 0.13592309361309088]
[0.13554833940013686, 0.11981724202140537, 0.11029221654083411, 0.15939890715243257, 0.20870718109425498]
[0.1374207449690728, 0.1391406215895741, 0.14041046212318356, 0.15293409938467153, 0.14788045317465]
[0.16800963922289291, 0.12541291279102354, 0.20840631306371776, 0.16208471013083903, 0.14518609181061104]
[0.17107652368124593, 0.10199371300362226, 0.16017203669996036, 0.16247057624486752, 0.18032243863105432]
[0.20638614791776289, 0.1278921927480383, 0.13519789286797065, 0.09317148001484638, 0.14252476235678366]
[0.15916233037664992, 0.11402140103989962, 0.15640547599739044, 0.14600733002782668, 0.1727134036304179]
[0.12185756921430584, 0.14084416991134732, 0.11861559494052752, 0.14469173666913843, 0.1537781818449271]
[0.16491169888837165, 0.15807163072242328, 0.14906383017608102, 0.1675619823111696, 0.16676738164084598]
[0.17600177433841316, 0.13410005707527423, 0.1599109634559628, 0.14817423675523414, 0.13442313164435588]
[0.09925116749561996, 0.12637745557697644, 0.11388243117868452, 0.17749952057330098, 0.13803991586412537]
[0.17159560343735145, 0.15772610644615326, 0.1640681280098679, 0.17655766284074684, 0.12325878976331535]
[0.17562907648761902, 0.14743448072900067, 0.14404336926158884, 0.17314579514829892, 0.17582512683586504]
[0.16242986110348817, 0.19111506933208827, 0.14208123403611497, 0.17851683371612292, 0.15790003862803134]
[0.12425805609658418, 0.13849217452910653, 0.07607558416655646, 0.14770737378163426, 0.10970260324706976]
[0.15947694760633876, 0.126559461728714, 0.11623882616171016, 0.09994831410128999, 0.1537665246199615]
[0.13503890353959172, 0.11325893065784316, 0.16587424221949468, 0.13929242827559915, 0.10352196669534587]
[0.12138227940701664, 0.1293561230900973, 0.1621128076401035, 0.12225933019281006, 0.11459899145404576]
[0.12033847141682857, 0.16846778934147813, 0.12557376460914246, 0.1090244403544927, 0.1311351147264607]
[0.1562074102284281, 0.1334769141822605, 0.09465988029310418, 0.18294643156403004, 0.15621107468965884]
[0.2017477536149638, 0.18460905737008007, 0.10451354221446657, 0.13650774072591826, 0.1804871669110677]
[0.15145119907487295, 0.06771120205670651, 0.12733190566443456, 0.1344674614224368, 0.1425997925009933]
[0.1885578309067286, 0.18246032848760324, 0.10962272188949777, 0.1459629225021557, 0.10613515270006736]
[0.14248926891699426, 0.15624383664554742, 0.14760288756684134, 0.14894718748121424, 0.15431916620160677]
[0.16039088887037542, 0.1584262408126344, 0.20153585543519317, 0.15256659367508274, 0.11608287924382504]
[0.1377413846135895, 0.1724241107234647, 0.15038449582396976, 0.16960087943502536, 0.12256175637051267]
[0.1532014661417021, 0.09258848135381328, 0.09730735900102608, 0.1298459690261415, 0.11208309278021]
[0.20033588355701232, 0.11167062252419026, 0.16555331624335806, 0.14531578150449911, 0.1501692850399189]
[0.18812773480119524, 0.13676784358026123, 0.16756794280835902, 0.13627431759704492, 0.0965822417761037]
[0.1390680944872798, 0.19324840331983256, 0.12860813045440717, 0.16948023440546406, 0.11681320736691629]
[0.1427965437742318, 0.14125991341504687, 0.13412617395833323, 0.13319414364036217, 0.12007221209822215]
[0.15708370041203357, 0.1615866763070352, 0.13136613435485908, 0.16233146183365596, 0.1263519181327757]
[0.14092966872255994, 0.13645239701798195, 0.15655743079823708, 0.14170558686183266, 0.13209160188078423]
[0.16628942986375578, 0.11947622546326789, 0.09011034938023728, 0.10135658449106917, 0.1349648424441244]
[0.11364452976552808, 0.09767060539412527, 0.13990810865483985, 0.1060213307601613, 0.10274979421392194]
[0.1844166042038649, 0.13132262783748255, 0.07743500276650826, 0.18235180830936612, 0.12491267468169047]
[0.14294047824085832, 0.13029887208496627, 0.1250303192759664, 0.14414896185867532, 0.1465672034746295]
[0.14935640875320425, 0.1299946375332319, 0.12684835430499802, 0.13510453574856113, 0.16070423139310877]
[0.18347288663588943, 0.18600629830848572, 0.10273963507468019, 0.14927603163581712, 0.11569555521115689]
[0.10290144390960462, 0.12101333825798347, 0.12854793334085532, 0.18156226406380407, 0.13552328876174177]
[0.1704625055709499, 0.1461809270271458, 0.1307149564929072, 0.152235578714103, 0.1518238215114175]
[0.11922972723448659, 0.1490571098547029, 0.12331451573956168, 0.16810555183452713, 0.1403386395265808]
[0.15381020502978074, 0.1368463056491503, 0.17913676784185606, 0.1844651261668729, 0.16608573700669593]
[0.21562879237896104, 0.14327971781113202, 0.16637798292834183, 0.20169373933033793, 0.140999395542997]
[0.16031620509954947, 0.10807288589672111, 0.16589773548024556, 0.14301938158137065, 0.1502218510344245]
[0.13544595736432777, 0.08601186262839508, 0.12542991920290938, 0.18362279235631557, 0.16084504496785224]
[0.1550227631761191, 0.15579849905376472, 0.1271979020933516, 0.1323402360040845, 0.15402651002032594]
[0.07414128911578571, 0.1081995098844413, 0.1076337755939309, 0.13592105547947986, 0.16811627978600516]
[0.12470514809122019, 0.16219117854167217, 0.1353441175001726, 0.16367643471485932, 0.13304687567565476]
[0.1252756782235493, 0.11168175723498647, 0.13060180585038886, 0.1325023221348638, 0.1567918765473358]
[0.1917332590141625, 0.17164095993621536, 0.16800671341145088, 0.15987437376829106, 0.11739583425411712]
[0.11746905013202218, 0.1267183887361521, 0.12376012918311281, 0.14712179774702283, 0.16704875432348643]
[0.13132282033675405, 0.10524956019147347, 0.0939100882062224, 0.14795332966947, 0.15723583073011044]
[0.1880372127043863, 0.15937632793942175, 0.1613869680785184, 0.1842936833433978, 0.15089201370327288]
[0.1372499134964153, 0.10570315764467246, 0.11694853346818755, 0.1632262472324503, 0.12137826017574069]
[0.15450520546692872, 0.13775201400252277, 0.08205954697946181, 0.17369294648282754, 0.0950799737888797]
[0.15688197813903967, 0.14287322242320696, 0.16891917632404826, 0.17264855367412432, 0.13663957559172923]
[0.165248418972393, 0.16202708906881877, 0.11437680582200407, 0.18196175844520798, 0.11391658354633202]
[0.1500946988270912, 0.15963989086409186, 0.09052975868242272, 0.10289024431203728, 0.1207781970479311]
[0.104690842499135, 0.15221350818416035, 0.15142883053364342, 0.1556006003237782, 0.12308307514147585]
[0.13532652281302032, 0.1307907276972954, 0.11499006902901741, 0.15521020015779854, 0.15126424866461327]
[0.15867396409090398, 0.16264882726554725, 0.1002920682426173, 0.14971120470522628, 0.09104816889468105]
[0.13728817727345552, 0.11464126783704004, 0.12003194574087044, 0.16858114409927666, 0.13017895712102576]
[0.180600005615265, 0.10923039155490744, 0.11583194253059698, 0.13747729139991083, 0.12627738558567098]
[0.14578287116882427, 0.137768578052143, 0.1334195323919148, 0.1532385186308121, 0.14216735026558322]
[0.15206130894914247, 0.1427912678401982, 0.154189814737463, 0.16164955371800097, 0.17345620562482433]
[0.1642194118595812, 0.12201707075891063, 0.1282596537563916, 0.16857137900193758, 0.17224928056988342]
[0.11219836611154571, 0.10228991954536355, 0.17037582691183004, 0.18017617399941568, 0.07884069202293406]
[0.15446335477111708, 0.14322137724071182, 0.1441516755852385, 0.12946030354097526, 0.15133860198249882]
[0.12470254818549407, 0.1743740231051413, 0.13211753476590474, 0.15963543464204852, 0.1158981269986912]
[0.1543924549602955, 0.12979904687818095, 0.14133156779444916, 0.17053970914736064, 0.10777256016978332]
[0.1335569261169478, 0.1293215515276165, 0.11826827068908814, 0.13352366436468738, 0.13068918926320203]
[0.16587002664106612, 0.1789926993967726, 0.140362538929011, 0.11652058786122316, 0.1497088300784633]
[0.15861385635475558, 0.17142166821449162, 0.14755115919932596, 0.1239944610497833, 0.1268261090952767]
[0.21031265286521245, 0.1586822116378493, 0.11667984657795244, 0.18959472973988803, 0.1453339873179192]
[0.1353863900120253, 0.1578568541289185, 0.14563355706011943, 0.1674882430845154, 0.15643548854837316]
[0.17152447757812475, 0.1435436587497446, 0.12161250138685992, 0.21019781805966076, 0.10838121156580992]
[0.1663141506973126, 0.1942293619029541, 0.11035971731701906, 0.14128174815324032, 0.17994387068775825]
[0.16639776567056813, 0.13951439479573394, 0.14524669375038904, 0.13090478972376746, 0.09994715900934237]
[0.14283487924929997, 0.17950315459036245, 0.0547836468869689, 0.11722597883870833, 0.13810290151496468]
[0.17164203769520694, 0.14602256685558615, 0.11758273185375187, 0.14309188888407087, 0.16231769566704035]
[0.14365572346481423, 0.15469758026289043, 0.12926531587177656, 0.22985262759655742, 0.13015559451944658]
[0.13522243310607407, 0.14631424870793175, 0.11487824078841763, 0.17671187231734647, 0.16051297188772584]
[0.1744349348433468, 0.13601641721750712, 0.12458149039220717, 0.15324826044944656, 0.13787160154391662]
[0.1301877421439957, 0.19233428566815242, 0.12691411328017177, 0.17429721195421036, 0.15473366072659392]
[0.13084325019478885, 0.1318170512692677, 0.12800769668301376, 0.1740801833585066, 0.11218108202066722]
[0.20290499115836785, 0.16557080239062472, 0.10835761488105906, 0.13737271211973015, 0.10015501579268626]
[0.15623574890024916, 0.16018018534145753, 0.159776885765065, 0.15529599541953268, 0.13857351036471152]
[0.12960482350311, 0.20188738794548267, 0.15904814258784708, 0.13979484710814397, 0.16926943249753823]
[0.10295645210878657, 0.11824902491800816, 0.07657310623993041, 0.18551747746057556, 0.15110479175492486]
[0.14643758153605557, 0.154414072832462, 0.11813294958267065, 0.1554289950452833, 0.17631019356099278]
[0.14948061553889058, 0.13616953830987535, 0.16538819241669625, 0.14995177055924563, 0.14190041881148133]
[0.1361324709284639, 0.18497078193096889, 0.11219529785781503, 0.13602600478452181, 0.14149475809304626]
[0.17922149480145633, 0.17931041173402393, 0.10730043931404612, 0.1374579984280176, 0.15621581918516256]
[0.10730935637083712, 0.14270566668785697, 0.1756497679965109, 0.17745742544055737, 0.16872194317313774]
[0.17747115877934383, 0.14834214708250434, 0.1123312027490485, 0.1358934030358767, 0.14153425812320505]
[0.1648709871626409, 0.19694307285592383, 0.1310303565755756, 0.15453756504633578, 0.16699070872326713]
[0.11401668117778747, 0.12927994678271712, 0.16436704228256593, 0.13736871527780875, 0.15630515058691177]
[0.1246015836888151, 0.1629018148813629, 0.15259001984418408, 0.14224571594512092, 0.14606611743952175]
[0.173350162765637, 0.18059330443921168, 0.11214951050649546, 0.14308681440311594, 0.14468668835847012]
[0.1675123822005324, 0.0960874667161638, 0.08112196528873172, 0.15033230382531956, 0.17227362509125088]
[0.15009755411690057, 0.17709017854881318, 0.175451729670238, 0.1588092840499765, 0.1390155087840633]
[0.10906991457976606, 0.1418924787482004, 0.09466923810293439, 0.109406270522534, 0.10315015586682405]
[0.11947471713693586, 0.16336314101326285, 0.09830455690075929, 0.15610870990076306, 0.13758212103518608]
[0.19495429617755014, 0.155878440137816, 0.13729048568750093, 0.13614784299477856, 0.13446747847771948]
[0.1438521069009992, 0.12352178859956962, 0.14584031466079622, 0.14991442804257687, 0.14701583100617022]
[0.1408634064523158, 0.17844508215895633, 0.1612694944605608, 0.15282728576419624, 0.13569997606398393]
[0.171908818834943, 0.11051204486966178, 0.12293706291287432, 0.17255405122388592, 0.1692245791597918]
[0.1040262493948619, 0.11252439067590858, 0.13959262036537187, 0.15040428795527042, 0.15218376624525962]
[0.13639684476088554, 0.15468491511700955, 0.16292905142432995, 0.12258832038248689, 0.12236863005043853]
[0.1149674165411219, 0.18215625755314369, 0.09674852943566158, 0.13696526787074959, 0.12302700033533717]
[0.12800693576514138, 0.149142992987009, 0.14634152082677912, 0.14260441247398006, 0.14826078811454757]
[0.13665847488014518, 0.10403757313761865, 0.1365511318771873, 0.14391442268003465, 0.12693228778875051]
[0.12047895525651191, 0.12250231932210963, 0.12175605812698236, 0.16462774550616469, 0.1802142749560517]
[0.1172595706687264, 0.1398135228277482, 0.1295543973933011, 0.1491948913204015, 0.11228704924368246]
[0.138940035102467, 0.19696297757986167, 0.12111898671039799, 0.187768792612109, 0.14215350660634615]
[0.15554620406785943, 0.19068358582790848, 0.17211606980704003, 0.16854685285383747, 0.10018308913421488]
[0.13894931880433425, 0.14732314393824264, 0.12812053898434095, 0.15857614387821262, 0.12882966227020287]
[0.1749060741259967, 0.09277763710339584, 0.12425467112023267, 0.21880419236355336, 0.16521857811742816]
[0.15628282300493682, 0.15751642343247346, 0.19501617155197537, 0.14891601320469072, 0.12994893428396995]
[0.14528411643884048, 0.1765571164522347, 0.130792446582906, 0.1477656851895214, 0.14667844656172851]
[0.21627821011865977, 0.1275645712578155, 0.1454217257405974, 0.11546050949625751, 0.1448298333602486]
[0.16829223002514232, 0.13446265429221277, 0.14477228405939838, 0.15108491871180746, 0.18943376599924366]
[0.15177618323657546, 0.17798540541679983, 0.10987718823623033, 0.16908564295335973, 0.16688552103200277]
[0.14728858931534605, 0.1442662220750156, 0.12486121435459087, 0.09142331985427284, 0.17980867151266283]
[0.1146516165636094, 0.1750785094507892, 0.1136477540553167, 0.12924199399318584, 0.17844800349762086]
[0.09572428709081453, 0.07948831572383061, 0.14368708058431734, 0.16277787820081285, 0.15820312879662918]
[0.17152423995088165, 0.15319629981358998, 0.12721411424886206, 0.11465522888372583, 0.1039142738698627]
[0.19337201950396232, 0.12383383037255397, 0.10664260187017043, 0.11865870640263844, 0.14353266458214647]
[0.1597620480214758, 0.21853240939817473, 0.13130543949021423, 0.15311676568117796, 0.1433098614131991]
[0.15557741039393905, 0.1406159453417764, 0.15994774362352493, 0.19273653156400103, 0.12337883851913409]
[0.16465154127804377, 0.1494700907673252, 0.12219420169941805, 0.14686199598804234, 0.15580761371564578]
[0.12268975526374055, 0.13802261069231347, 0.09930893391391085, 0.12162824044567244, 0.12995139507061682]
[0.12119784415522535, 0.17273933248225037, 0.11891433969320346, 0.15044184541647665, 0.15700217158071997]
[0.14273152944236125, 0.12890148264310716, 0.13445015176506864, 0.17631609341745436, 0.10828157777206798]
[0.14268178129759332, 0.15416653072516592, 0.12116321301986903, 0.1666033320882968, 0.12465073580864791]
[0.15966539253403517, 0.15289170567369714, 0.13873534843740595, 0.16625130701452015, 0.11584325374914921]
[0.12809515201517732, 0.14463635705779562, 0.1323622202716827, 0.15939402008942868, 0.13891360464460267]
[0.12135336058343381, 0.14402397002478515, 0.16480104820059735, 0.15113657490096455, 0.11115985085080023]
[0.1118567780175048, 0.1538142547472523, 0.1342421663826322, 0.1441548364750941, 0.13853358121074386]
[0.14790483503872986, 0.13729415823993954, 0.09482055442089471, 0.10572615502000085, 0.17499659443466267]
[0.12455048108147654, 0.17661902242909183, 0.16927276201727304, 0.13463813984510792, 0.15247786563881877]
[0.10149194866674155, 0.13764006186686265, 0.1053245111028242, 0.14998695307622323, 0.19374355750324296]
[0.1391367190362349, 0.17532943774804394, 0.10508374964330709, 0.17994347213417608, 0.1214761228859968]
[0.1245973575680568, 0.11827427427727248, 0.14525082284223587, 0.1567421235032919, 0.15447586544118835]
[0.16605188101520274, 0.1176269881324513, 0.12985195634315722, 0.18381850270937547, 0.1598937707225468]
[0.18437297299296893, 0.09818484418493538, 0.13689115141636227, 0.13527678527908896, 0.11290609161976596]
[0.12183620377118018, 0.16165657482928672, 0.13385445965012696, 0.12595497033959147, 0.11726498316998761]
[0.1541260138428303, 0.11928384273065543, 0.14205274277551808, 0.15211404091623332, 0.14010394671580267]
[0.1243567609612933, 0.15118661890714225, 0.11803634117478688, 0.1778703052710606, 0.1667371750012646]
[0.17444989318963552, 0.15466681114882622, 0.1407431692589488, 0.18222944699556695, 0.1379212561481029]
[0.1496492789819485, 0.1388576545315911, 0.1344790280167733, 0.159092047229991, 0.09998152196706324]
[0.12883783295665244, 0.15310564436652335, 0.13767518154038003, 0.1540520019079512, 0.08339702875015759]
[0.13258515590081058, 0.1056085266255121, 0.14196236195289694, 0.10716681003390782, 0.1623709757715944]
[0.18552986158055146, 0.16362554096307844, 0.12635122565049672, 0.12418188634342756, 0.1376049348932726]
[0.1512628878920947, 0.14129238516948953, 0.13193150383664082, 0.1537227981512731, 0.12259116917216396]
[0.19585098649685065, 0.145965652268754, 0.1182658956168513, 0.1667947324643092, 0.17647223949375818]
[0.12723388709074898, 0.16844627221178707, 0.13699925453442596, 0.12769973192353085, 0.1147134327041046]
[0.20135844320290391, 0.1630208494025621, 0.18639525162816115, 0.11350055730888098, 0.1328877080232574]
[0.13760929734886684, 0.16332636065086506, 0.14060391360432659, 0.171987587521479, 0.14823112605055117]
[0.16987122706009636, 0.18872076308262084, 0.08966108935861448, 0.20928112539950167, 0.07841308452765483]
[0.20961792780907343, 0.13804347447078016, 0.09735675432644293, 0.1342503741746497, 0.13846494987195218]
[0.14262817811925474, 0.14480437442291613, 0.1595382423955145, 0.16265196014510744, 0.13699366386294795]
[0.12638089926453486, 0.13266155627008816, 0.13074293160665387, 0.1388905246021708, 0.20880740975287532]
[0.14156441410026563, 0.12217100833853636, 0.1269337284469495, 0.19904575916517694, 0.10600447640399087]
[0.08573050643855491, 0.1686810663089352, 0.14934952665034656, 0.18152165665022776, 0.15188286045238855]
[0.15534867395588045, 0.16146492608016944, 0.16736222010548704, 0.13733210290981293, 0.12121985022824969]
[0.17741805686862555, 0.1052071864866344, 0.10332252266977075, 0.14319509360849358, 0.18073551185419431]
[0.15552659937899133, 0.17666859919544978, 0.1473579054877199, 0.14269638901770193, 0.17558583671006117]
[0.11914541614995611, 0.1977486717318471, 0.07896865375911756, 0.16174756858016195, 0.10596193266672518]
[0.12303148566360128, 0.14499682888512166, 0.09857673345259921, 0.12689730565548052, 0.1671834052673881]
[0.13928487198604397, 0.18524847771778113, 0.14258876054942926, 0.12904060357403507, 0.14461901785021902]
[0.15213056546649306, 0.12569403103374618, 0.111944028723776, 0.1389447494481362, 0.14013312199039213]
[0.1611248327393123, 0.13674350555989634, 0.1205825179126262, 0.19233312290314056, 0.1407027061553656]
[0.1529339169402088, 0.12379651959244384, 0.12175109778140111, 0.17213700318925387, 0.12656369034918574]
[0.1270592963673467, 0.15181058683400372, 0.16181389794948495, 0.16077204009744683, 0.14044438446648272]
[0.1627453838109149, 0.17449910430134657, 0.1426230383523176, 0.17544947929286558, 0.11984884601288642]
[0.17575494945902398, 0.16918922473232267, 0.0823402464325322, 0.09176337668546664, 0.13491868179361424]
[0.11205529430158637, 0.16445443847263222, 0.14591866254019217, 0.153897942071046, 0.09947285601397765]
[0.17946114338172056, 0.12530356854028601, 0.0710752416501527, 0.11192674365617356, 0.21960086205616025]
[0.1453601767494533, 0.16778521296820237, 0.16102157487250365, 0.13523014550071755, 0.1278711293562663]
[0.17073312018151798, 0.1336521064546667, 0.18368806991353512, 0.15108640061329157, 0.14791526744438738]
[0.12548071740309527, 0.104466290780563, 0.1599801109508656, 0.1609861008515942, 0.21072563518567358]
[0.17504805188020972, 0.1528312877643357, 0.13829108077756855, 0.15611968472090101, 0.13942633907013632]
[0.15824454984255784, 0.15121066178325657, 0.11312560440695711, 0.10754045417682913, 0.10495546075029187]
[0.1064886071479019, 0.12017508701647643, 0.16694442544941254, 0.1474413594246874, 0.17187235535728246]
[0.16698599263148026, 0.1642234998043942, 0.13383318648717263, 0.15317625797087359, 0.15912467252757326]
[0.13895542375545877, 0.14221954814847454, 0.15036638770859573, 0.13189951813626422, 0.1648507586838543]
[0.138607946908295, 0.11770794670608477, 0.15085235426931926, 0.1962820073413412, 0.18214122671596752]
[0.154309946973515, 0.18215489506235505, 0.10139610267896641, 0.17169804262592642, 0.1381451864023771]
[0.13807374676949366, 0.11977137750434791, 0.1710919471519575, 0.1736140011214004, 0.12865128153432304]
[0.20917165763727444, 0.1264977981440613, 0.13335386494100535, 0.10538734444826277, 0.17798517011165926]
[0.1373708572852687, 0.1260843693108854, 0.101355270828686, 0.16493918226899604, 0.16980225347625919]
[0.11976337763050335, 0.1348887294460671, 0.10835424317451624, 0.12688471813395627, 0.16448927381404427]
[0.13607350194545043, 0.1534321114920814, 0.17883583388688923, 0.15398937375698854, 0.13936080022273445]
[0.15708177082403063, 0.16305955622986948, 0.13297989094345744, 0.16338373980492626, 0.10557264639080963]
[0.13534652834940306, 0.1347144711707219, 0.07754980800537628, 0.19210801904638897, 0.11183811997134568]
[0.19664335481078854, 0.14167553724821466, 0.14392896952042616, 0.17163910651015696, 0.09737456637109083]
[0.16509629154395575, 0.1529766999146439, 0.11049934256222414, 0.13082992417292902, 0.11817270415341222]
[0.1525021875107395, 0.16546941896631176, 0.1027861355819124, 0.18524740638815548, 0.18733506976672748]
[0.15104276558198831, 0.10975136162034753, 0.15218615359442708, 0.1934659628048568, 0.11554924718252145]
[0.1959006311841599, 0.13778031082202405, 0.1389995083748099, 0.23429303195326173, 0.17589816618981846]
[0.16471752842077877, 0.18520092163634574, 0.15305425825322752, 0.15009191290403529, 0.12413097596245377]
[0.19912209185022625, 0.18712355877412787, 0.13168165928771638, 0.15196901479880012, 0.14476278846119306]
[0.13758961573764367, 0.15524194399832206, 0.15351869342620056, 0.19667550522749835, 0.1363939198751682]
[0.17582323050591278, 0.1715473159597156, 0.1469379524773527, 0.14025463466758464, 0.13930432951647365]
[0.14726788587133124, 0.17531166904754994, 0.11179989210816563, 0.15892606886782337, 0.1730640149757584]
[0.19050742529963682, 0.18815739788675442, 0.13143431224897548, 0.12976697455693395, 0.13370526059651922]
[0.1519214283618796, 0.12483977373841035, 0.14790580908958814, 0.2028776646712145, 0.15057597460049163]
[0.12162210636130313, 0.1644251279786283, 0.12462026236855815, 0.15590036943241614, 0.12011108347613521]
[0.12215452818654718, 0.12752539730629914, 0.1546407842376676, 0.1208981063816391, 0.186425486180021]
[0.1498455795024408, 0.15932908665399034, 0.09619631999871134, 0.1677793653812502, 0.11600564998522793]
[0.1303467496201707, 0.10502825281908611, 0.1345386432051124, 0.19100911477260657, 0.12498208526377584]
[0.16373034244322668, 0.22596595277002862, 0.1391738143856801, 0.1669907256122692, 0.13585836454555256]
[0.15541109205337322, 0.17448221506359674, 0.11192875371247465, 0.16961526939549815, 0.1347916446166213]
[0.14211341437963448, 0.16819251871802762, 0.10142898153037994, 0.1510740650044909, 0.1167745461617025]
[0.13902887792043805, 0.14087325783165106, 0.08950393727396819, 0.2108772630451356, 0.08427250753689951]
[0.12388914586596372, 0.17652143733175446, 0.09682762028557755, 0.1652556628638499, 0.12184370337337036]
[0.11202747510237204, 0.15039760047878187, 0.0945735720170805, 0.1532543615889989, 0.13728283859955867]
[0.18292265976794203, 0.1633454806326764, 0.14634335505963944, 0.1552323666825195, 0.13502458603791442]
[0.16522686476765358, 0.10711118081376661, 0.13894853395918128, 0.12857694784693147, 0.14076242069980507]
[0.1378124123862658, 0.16841751598756904, 0.09842844761394147, 0.12599306093796941, 0.1320537377823747]
[0.199773593998031, 0.19381222826309896, 0.1488740147848628, 0.16646275645391662, 0.13633051097584328]
[0.17685983886971787, 0.15539952715271083, 0.10776126554300958, 0.12733241665943384, 0.1333318218487117]
[0.17348356781861046, 0.15317775252263963, 0.1351813649779335, 0.11400345030630402, 0.13404879410175388]
[0.17831180471942787, 0.14654961692286086, 0.0916725191741388, 0.15407793229434386, 0.10625030665170691]
[0.13221016434122224, 0.18057331634855336, 0.11594950628071651, 0.1326270749628126, 0.13739104277705644]
[0.18499991534748658, 0.09250007260877262, 0.18068492033904524, 0.180485726063795, 0.13110984599121006]
[0.10106502822033453, 0.1422667274781763, 0.12467577848909496, 0.1060006103413084, 0.17178504990615323]
[0.22924310277749327, 0.15818245570876976, 0.1474405532527059, 0.22043994961329738, 0.17064359510932736]
[0.1402201975919953, 0.11289136148857994, 0.11413875445131402, 0.1520249771206729, 0.12859613866325081]
[0.1336580531874189, 0.11120681995409148, 0.11499421142615927, 0.12069378122829218, 0.1267378886447343]
[0.14763616189761475, 0.15682432962989615, 0.11543204451201103, 0.18601325607398647, 0.10480348494854114]
[0.12304218187396178, 0.137591826385568, 0.11422373526890557, 0.17476436424328867, 0.11731890576249131]
[0.1697070009800514, 0.16372863452867534, 0.14871457979897376, 0.17728523212330233, 0.13589601126811662]
[0.10275076224769586, 0.1363121772385168, 0.09054097546763511, 0.11968607206417083, 0.12124886494064313]
[0.13236716855447694, 0.1718539387500623, 0.13671157860367172, 0.15556608335938668, 0.10515001501070435]
[0.1477104021210622, 0.1779748746806764, 0.14206146866608557, 0.12316419187860649, 0.1465397146740792]
[0.11119671716552103, 0.18878807864671962, 0.09361431238320361, 0.17731816316905, 0.13381826464764682]
[0.09588554714842021, 0.13637630614024088, 0.16556204192946414, 0.10894494060093211, 0.16311614574856853]
[0.11655373310422545, 0.1838968920439447, 0.15265578994049842, 0.09403055290693944, 0.1144514954199408]
[0.13550791872000906, 0.08554252745594491, 0.13655954264926348, 0.1467571997981835, 0.1319101176658817]
[0.12767181719626833, 0.15901036239716346, 0.1080278109926205, 0.14506048225718282, 0.15610630904088763]
[0.15550066198849385, 0.14891051876188438, 0.10577283791611088, 0.1354933884759605, 0.12502528568784854]
[0.16695922074450142, 0.1143991826481496, 0.15963747329819772, 0.13909807700724652, 0.18270595609091983]
[0.13279363840190705, 0.17442970189850526, 0.12769352886306895, 0.1474568383191676, 0.1108439117624207]
[0.12784170642249196, 0.14878781352836085, 0.16544912540663118, 0.15252357563952734, 0.1270540017341097]
[0.11087994185951734, 0.14662085202877195, 0.13529904587772074, 0.15310568328873692, 0.15328155809191574]
[0.13616493741474392, 0.14374179504508783, 0.13962117497947377, 0.15388857481523016, 0.11539866678926647]
[0.15584359798775088, 0.1319227014734002, 0.12781018055756366, 0.1367608423849882, 0.14323812390339472]
[0.17811322748239247, 0.11962607634624592, 0.11580688852015071, 0.1166359744518521, 0.12646390333146487]
[0.12266992911782837, 0.18212327151450575, 0.13466031880885507, 0.13011468147734218, 0.17638731696334292]
[0.16731124335377381, 0.14797555112115882, 0.14487031736413095, 0.20265232926669335, 0.17232084812752604]
[0.17245642754475715, 0.1960899867625726, 0.1086410309300436, 0.1746236740884496, 0.11560534191668938]
[0.1450290364953585, 0.15371933153794012, 0.12615388040041897, 0.15593841564710353, 0.11038248503899496]
[0.15064128845643268, 0.1110054126496532, 0.12522827943835502, 0.12509412590864957, 0.12952093080074858]
[0.15868277707224393, 0.15755597267772475, 0.14976738698540853, 0.20783886093075823, 0.07252324897261027]
[0.1404127874791102, 0.1528083720399357, 0.16277031920645224, 0.12121602431821188, 0.09563297508454899]
[0.17332786080070578, 0.12121041149465432, 0.1420350286856504, 0.14668647886682984, 0.15312695456910724]
[0.16260276090987025, 0.13104924383153801, 0.08981471298344598, 0.1791423581245062, 0.17016526264939802]
[0.1752101244983823, 0.18265271111098305, 0.1408280185044422, 0.16364121881766397, 0.17713888218984455]
[0.2210216516419887, 0.16058246159497705, 0.10345702802077386, 0.12710025755367624, 0.14982278193190876]
[0.15174609584162652, 0.18989354186680713, 0.13357799160880857, 0.14181805277941853, 0.11888155552209628]
[0.1462119623050476, 0.16563529461340953, 0.11474491903102113, 0.14427279246450495, 0.15466462484803875]
[0.12086283268417217, 0.15668405342252345, 0.12071947724096796, 0.14141916232620302, 0.15316860886709144]
[0.13395248227914405, 0.08699542404107556, 0.0980277078348097, 0.1353116113102453, 0.14662429881772576]
[0.1487583359111403, 0.19926180679343125, 0.17552665040939008, 0.1306247221716762, 0.1373714314974795]
[0.20435744244685983, 0.15235789996441507, 0.20277636822397396, 0.15354613490865612, 0.13521512764697255]
[0.208544907426752, 0.15261510089980473, 0.14668347756465694, 0.16736333046354518, 0.192780585976969]
[0.1440040546749212, 0.20378981953652267, 0.15014696632611182, 0.12886117468836833, 0.09819667461551176]
[0.14049743081716703, 0.20866311618319022, 0.1728635697945449, 0.15847313229798513, 0.10223857754963228]
[0.15224424678906368, 0.1487277474044737, 0.12290721140204706, 0.12139191479974255, 0.12127036013695404]
[0.1508571558151659, 0.1264692041895122, 0.1360217050908531, 0.20402070133827638, 0.1334962694544914]
[0.17964449227148807, 0.14474605840329638, 0.10783047357919455, 0.1454269069785197, 0.13698445961856212]
[0.10007581813055177, 0.13146090807411925, 0.10428109169211143, 0.14196273304728937, 0.12418359478931011]
[0.16714420915193037, 0.15344461790271377, 0.12493795164475023, 0.1908104512635512, 0.13149843286144758]
[0.12173120897040858, 0.15765794396947067, 0.11840894831715641, 0.1684979200615598, 0.11342354677703961]
[0.15686752640037854, 0.1504983088842898, 0.08434779241906931, 0.1641789010837004, 0.12009283438527973]
[0.10905805373153256, 0.20925416738538136, 0.17291478309775657, 0.13918047935325703, 0.15296148901510973]
[0.12528894093677356, 0.125247521623798, 0.16614396786803298, 0.12696972554783528, 0.12456238760601053]
[0.13694611354514424, 0.10368751457820558, 0.12640734680225613, 0.18711879127001121, 0.14726174990810098]
[0.19010026501791333, 0.12542991816992696, 0.17975423099160107, 0.1659287431405207, 0.16137433017006003]
[0.16759757486665539, 0.15671314714405485, 0.12692054989279863, 0.1530761491871611, 0.13489457287391096]
[0.18929900943140365, 0.12515233391210523, 0.1037614060443599, 0.14563592117785543, 0.08475473345719249]
[0.17502051431961466, 0.16649369626364915, 0.12174889682421863, 0.0955711489940245, 0.14320578832670897]
[0.12467401268374946, 0.14323133220529405, 0.12480277232545042, 0.22300713125935334, 0.12580963667958522]
[0.12112250173393112, 0.159577368660821, 0.12052640892220155, 0.18757973095230418, 0.12773536644970102]
[0.13799450071089844, 0.139065410666691, 0.13993213009996083, 0.15366320268120287, 0.16544115936524656]
[0.14345338512588546, 0.14559045681475372, 0.11423556959362782, 0.16410350374711583, 0.14940196294603655]
[0.1289603715221896, 0.1924547466538472, 0.18887705568007593, 0.10646160475229126, 0.17847245700501196]
[0.16044457626237402, 0.16739936636286837, 0.11323008236571964, 0.1191458486526802, 0.15599792293734424]
[0.1453601241102257, 0.1385525394718387, 0.12414678791260679, 0.17969094453089465, 0.14039056588320845]
[0.15389915212061495, 0.15673099966500934, 0.17959970708289869, 0.16559104174013234, 0.13660230863126144]
[0.09874947513941901, 0.14314115434887512, 0.1093400110080918, 0.16419682917894307, 0.19370431391649834]
[0.1484287846489628, 0.14468731115214656, 0.1899212249529459, 0.1555070150540709, 0.13375001280880947]
[0.1431296512804004, 0.12830563708096945, 0.1572203702182419, 0.12418019256984984, 0.14254993180045364]
[0.177006428493513, 0.1432880229859403, 0.14885143059084147, 0.13325684323189985, 0.14992310193647157]
[0.17778882282532105, 0.14005617447944982, 0.16838327774341388, 0.1538368897317822, 0.13417259748434243]
[0.15637428132586007, 0.12710411592165363, 0.16034947410240397, 0.1920312552445323, 0.1265566401165369]
[0.11659445329781631, 0.11727079342078492, 0.12988149376353847, 0.16279590491661414, 0.1417743500508074]
[0.12902594362294034, 0.15366828430989665, 0.09606673383205737, 0.15887068609904784, 0.09404402932544821]
[0.1783500687776763, 0.20263010764245437, 0.14091629302527542, 0.11151864213339244, 0.12469998951379242]
[0.16986491953008226, 0.15300110252840432, 0.14814079915300477, 0.18226686600682926, 0.13948394186052052]
[0.1237390550981264, 0.15440210494722156, 0.12582642060218951, 0.19236020051013647, 0.11732818613025298]
[0.1430963311947558, 0.14110221078959226, 0.16408569535547757, 0.14747210945446823, 0.12347867119415225]
[0.18633009926858038, 0.1741074800667806, 0.12187398439295079, 0.12136737244559764, 0.14949340187900242]
[0.14838851918766116, 0.11427909539294866, 0.11825530490145732, 0.14033841501985095, 0.11680728142348333]
[0.15174893080715987, 0.10984638686703331, 0.11679937226265535, 0.092698659050981, 0.122360687011948]
[0.1671456639030125, 0.1689446494255787, 0.1828934297290992, 0.13577912884238066, 0.15091458631212268]
[0.16074636467570577, 0.0960406096043889, 0.11635679526768425, 0.16118343881610328, 0.09596033540841672]
[0.12728831460299772, 0.13348772135135703, 0.1400750539378426, 0.14464417819652145, 0.14438839601903494]
[0.1541492407674209, 0.17471833660489589, 0.14100610503801364, 0.1569714566722203, 0.1669262035870132]
[0.15354384059726686, 0.12334720582529225, 0.201639665480337, 0.17273354854586004, 0.1510260048327537]
[0.15622107199552848, 0.12410461318099678, 0.08566631101919728, 0.1753559833572498, 0.15859429017062307]
[0.1448337344410531, 0.18974574430475843, 0.138983740608016, 0.1482660974172601, 0.17023988760547124]
[0.11885436860094034, 0.1330182839606527, 0.18772841686452182, 0.1751624718796528, 0.12108705138457301]
[0.2066301369957387, 0.17520639441874952, 0.16082046480999013, 0.10425517404613661, 0.09464282106712288]
[0.16143764780661268, 0.13134163926673764, 0.14610421920600067, 0.14396048000989473, 0.15650962061537638]
[0.10916589583151577, 0.14954001062879319, 0.17636497114552332, 0.17436548769268614, 0.13179417351927492]
[0.17416029641370195, 0.13683883706061079, 0.11891573671847754, 0.1771367946050365, 0.09251352762990993]
[0.1779522574648653, 0.20682091541535952, 0.1373417399956589, 0.1462684960522139, 0.1438710850353797]
[0.14312080264921132, 0.15560321306504285, 0.1163875145016234, 0.17211281885056645, 0.17120646358557098]
[0.1561065824598418, 0.13662152479922404, 0.1490785764406401, 0.13963925790373663, 0.11055838925975535]
[0.12745006253625535, 0.09625971978908725, 0.15209080914329412, 0.14189879086348064, 0.1332847464416036]
[0.16884545774493184, 0.15193388166037483, 0.11862746601113389, 0.17756986579800174, 0.08464567261124817]
[0.18376356772939711, 0.12813249325780648, 0.13954119029432713, 0.1429985514043297, 0.10473310302912266]
[0.1551740013939956, 0.18541122527705894, 0.21375338782349548, 0.12426885178236453, 0.13307753552980625]
[0.19323807654583536, 0.12344939191276828, 0.18401043138386372, 0.14106852636712, 0.1577812548327625]
[0.10021403640522035, 0.13599268924874153, 0.1759222926131737, 0.15030175675633503, 0.12115030182892023]
[0.17956349160806132, 0.18256166014916017, 0.14054885546840223, 0.13649692459258128, 0.10636752268227373]
[0.16795163684886225, 0.14702844981321922, 0.11361966830876605, 0.13958982172946147, 0.11812827085352261]
[0.15479675100394213, 0.14174108495803864, 0.17486004441147823, 0.18054297183956786, 0.12299696541518541]
[0.14900146154162197, 0.16097916934668707, 0.08049631780730936, 0.15135750790852948, 0.17252028626966406]
[0.11379114064362658, 0.151787297799513, 0.12352773601516744, 0.11214537116667071, 0.17449651442332245]
[0.12578091320583035, 0.1470905408943153, 0.09179877947093396, 0.168785576273133, 0.1656646423708718]
[0.16318107726005082, 0.169768457377133, 0.11703979050493786, 0.21084103819747096, 0.11766101023941103]
[0.1601926155163947, 0.13104976111009353, 0.08907961197067799, 0.07906151632787489, 0.14243361874164526]
[0.1113048195528993, 0.15791319679202498, 0.11385703176893706, 0.1437099234390344, 0.1674181609682548]
[0.13839904135897463, 0.1045354702764385, 0.09073591844531859, 0.1385340889781408, 0.17499236446852534]
[0.14746809409923053, 0.1579238720246737, 0.15173612668978564, 0.1572396603134432, 0.14061570557258912]
[0.17000847481987263, 0.18482187685846224, 0.14577414294211935, 0.1879111668242141, 0.12938707688751946]
[0.1720848512997484, 0.15224855632558873, 0.11704742522066724, 0.11564774374989253, 0.13196301849550326]
[0.13768725208935975, 0.09381449590450383, 0.14840056030518287, 0.13742169067840057, 0.1380026946091811]
[0.17331304637620265, 0.17087956399564197, 0.12004689014804554, 0.10928421788785966, 0.15926001041003365]
[0.17068366295384987, 0.12359533433204153, 0.1105049667185107, 0.19865192904110698, 0.15742304388062686]
[0.19476330982636297, 0.13768611587812787, 0.15261743738689795, 0.16648632481013273, 0.13933034814207326]
[0.16281566165166317, 0.1723698692471002, 0.15876323136004905, 0.14917980996278007, 0.1686391721608676]
[0.17804266229749913, 0.11442421880083749, 0.1318995181362642, 0.14042731723132643, 0.13651621312958984]
[0.15753598562642085, 0.13223242013203024, 0.1679539313811417, 0.11377842235164684, 0.1242213638410482]
[0.1550522348735399, 0.14954733503416667, 0.1367698883409392, 0.09592532202365721, 0.15102990379974376]
[0.13486425930422155, 0.10211124373268259, 0.11256003043555894, 0.17013382343091735, 0.14763263203032587]
[0.16414744966809272, 0.1302682695188191, 0.17672502882688765, 0.15604603169415, 0.12367383864337095]
[0.134028476735596, 0.19171322649052433, 0.1099445536790437, 0.16912532725281496, 0.10441702197890465]
[0.1524228706066683, 0.1269132701685455, 0.08773425219502722, 0.15567680126649452, 0.12653396055312421]
[0.16638429728598544, 0.19386630117350295, 0.12621139044573254, 0.13230108610956534, 0.09733089508572887]
[0.2042347397858619, 0.13301106962194506, 0.14186172274630873, 0.15481083319247524, 0.1347718124972223]
[0.10719827190752416, 0.10013365905427858, 0.12546114710734674, 0.15052131610885583, 0.16588095688683963]
[0.12458229140680334, 0.1477403078455975, 0.10652904347936377, 0.18216869555861934, 0.1587266555054971]
[0.11426927136755055, 0.11575730687382323, 0.15942878423883927, 0.1787977034706445, 0.1676760345555398]
[0.14633793228199707, 0.15639046386820843, 0.13840676126392054, 0.14898336767001683, 0.13074508354773745]
[0.14420689350330487, 0.1347362121452902, 0.0762856586054698, 0.14621028869346683, 0.11433150952849702]
[0.13373903361251888, 0.15798980459513567, 0.137496262479968, 0.10878799811161335, 0.16513925752103698]
[0.13037344822674488, 0.1731768949486321, 0.13744618977491208, 0.16305510029034306, 0.1932924644897982]
[0.15411909508788135, 0.18427316771001687, 0.12254705189010863, 0.12842741981151204, 0.14870296575645828]
[0.12537925352554144, 0.12612391062116815, 0.17027983177127226, 0.16571835878301336, 0.14451261549641276]
[0.15539848154761515, 0.14096634274360456, 0.137851292905103, 0.15957098014032134, 0.13684928196526933]
[0.14622096558685427, 0.15017969840765025, 0.14940122099801195, 0.1511231533423043, 0.15912477273432335]
[0.13339588670548627, 0.11283971689141802, 0.13783494710590272, 0.16572589161440707, 0.16028304911786473]
[0.09207032740761172, 0.18077021818629385, 0.11746731526807484, 0.1978041392791263, 0.1322999547514906]
[0.12111658811516614, 0.12199476552309736, 0.12158510853195481, 0.15361431915856294, 0.15194935066252943]
[0.21749331916037026, 0.14295957246774682, 0.12204270374499804, 0.08235673775667193, 0.13614793103067055]
[0.15255099599032235, 0.19327296002567482, 0.08144036166318096, 0.1212197632359216, 0.1421154024252175]
[0.12761604039920105, 0.18200003642480309, 0.13597218375195189, 0.17014369276686722, 0.13088570138371167]
[0.18341541982716228, 0.17567343927883267, 0.14801658276020177, 0.21892485024006786, 0.1546264627558343]
[0.1459733453710475, 0.17681180884879474, 0.1468016421105352, 0.14198910671161435, 0.13272668105016205]
[0.18709463591231604, 0.11366327339828357, 0.12757897811614385, 0.17351474250366253, 0.12489620828802317]
[0.11880636639251244, 0.14507597249385215, 0.16237950975211413, 0.1850864562810687, 0.1449329214985938]
[0.13659879154071497, 0.14499972209900494, 0.20799932365618387, 0.14961607789244744, 0.13788394880868318]
[0.1336263367497037, 0.14915079814496543, 0.194412052312424, 0.12292027241659013, 0.12788736087527552]
[0.19020595473222263, 0.14346630613334135, 0.14201019321195682, 0.15704346671349495, 0.1155926393689625]
[0.1476182694076961, 0.13999438949162207, 0.1496476110058811, 0.10931144668080604, 0.1532092298249297]
[0.13857814873039112, 0.15091911129161634, 0.15327435855589547, 0.1615981716043211, 0.15430627912644998]
[0.10967179080954625, 0.13876034929224057, 0.13425864067343324, 0.12207474334786925, 0.1497198859917278]
[0.08660217422406882, 0.1643893022127743, 0.1101128858551607, 0.1557568510954634, 0.18945781375691395]
[0.14410288513490044, 0.18258983138932638, 0.12840235860890353, 0.13080152312767304, 0.11459587103814883]
[0.13881713703619022, 0.1062267095396648, 0.1049858043469309, 0.14366287529197433, 0.15914124395673704]
[0.13600211792235165, 0.11255375812019644, 0.10546606084647492, 0.16883696663851536, 0.134738104623909]
[0.15901058338884738, 0.1566313453526419, 0.14804716825030523, 0.16442230947505018, 0.16033014456812444]
[0.13177980922760052, 0.15037603343554173, 0.1086566966875432, 0.1613086619519142, 0.08641162295316741]
[0.14602137745442906, 0.16177191053121737, 0.1482919911854047, 0.1428472507049476, 0.11551555157569687]
[0.1815618143743189, 0.16625361710477035, 0.13564087263486782, 0.18859931312963618, 0.14633641091969263]
[0.14025807578579141, 0.15712577198969196, 0.0755322254353823, 0.1628867522632865, 0.17411284984478112]
[0.11258274198269434, 0.16074099406845213, 0.1038522674503275, 0.17203791717911499, 0.1771579763286431]
[0.1910255962310169, 0.2089585943283954, 0.1512351009833707, 0.133104192870349, 0.09723818934254429]
[0.14169307871806394, 0.1483038488157963, 0.14572517865723514, 0.16592935850647691, 0.1688024795996086]
[0.17554502178796308, 0.1856222270537045, 0.15532489679461559, 0.1455756674838826, 0.13534245155154367]
[0.16927514090128448, 0.14844645658355388, 0.16442089841492988, 0.1446485783573073, 0.1942879547154749]
[0.13479488303882645, 0.12302538725700704, 0.12581322025606287, 0.1646063987175986, 0.1454011448692601]
[0.16499284170780973, 0.1351201508779275, 0.10742570695946498, 0.15782332624230597, 0.1428727399576051]
[0.1224143979420442, 0.1711883279684023, 0.13715186604738905, 0.11394229855207931, 0.12106683914794948]
[0.18117082650949878, 0.1178413041199426, 0.16659643478772834, 0.14928131093448183, 0.14358728454442374]
[0.12940975059567328, 0.13088661600658585, 0.16401150002971113, 0.19202981011850778, 0.13655821171806798]
[0.10559904973682699, 0.18837478316572548, 0.16014695449732924, 0.16347691128190173, 0.11348141372498992]
[0.12008198759507256, 0.13666961062838887, 0.1080214843272396, 0.16599533468881486, 0.13583713700482525]
[0.1655551413191757, 0.16170354181139876, 0.10367227977477377, 0.1478065543437315, 0.13323984031418837]
[0.16925750010109847, 0.16278149424167637, 0.13178066941675803, 0.13130157525224492, 0.13980796444668117]
[0.15378073684583007, 0.1390294538278875, 0.10875404864322656, 0.1560763232667192, 0.11517973533963989]
[0.16745858041243286, 0.14823473602255652, 0.1099657800307261, 0.16251271105800694, 0.11996828126406181]
[0.17374629498126842, 0.20485930552423273, 0.10278022455599381, 0.15437526430185008, 0.09907554171959651]
[0.17993107789125531, 0.14911930465614867, 0.17708869434254337, 0.1735748046353382, 0.10706607785959343]
[0.17637044526494486, 0.16880158870164036, 0.12444875349489994, 0.14608932194255397, 0.15764410124262523]
[0.15073527745149828, 0.21790474444770935, 0.14658509166694442, 0.15530021538380634, 0.0982723786339377]
[0.1409130509785671, 0.18996805234784275, 0.17067158106529076, 0.14377199955151818, 0.11324648926698475]
[0.14630502065213, 0.15241062945098893, 0.12216756774677252, 0.17261065919146898, 0.1198711013630404]
[0.14133717855825018, 0.17509095434908375, 0.1044346676129855, 0.15785163697047414, 0.11432732539713344]
[0.22065397226265812, 0.17706327654232057, 0.1290698441108736, 0.13806243991949863, 0.1440092553363349]
[0.12549345400744147, 0.150880253898343, 0.1660170405524817, 0.1945272027894996, 0.1735934831468391]
[0.13398576737032136, 0.1752216760480771, 0.08394590791396128, 0.1540909930250724, 0.1371210982222156]
[0.14282486831197158, 0.1439840434240798, 0.09180458012688886, 0.17922503447062588, 0.1009008160441474]
[0.13116753690701632, 0.13023342469454552, 0.14588679876833288, 0.1314046151578358, 0.1467490606390313]
[0.137049373250083, 0.1366186012041102, 0.13816051553013758, 0.11340758260695179, 0.1267410236268378]
[0.22079152091277665, 0.13493651084883596, 0.1920735604476456, 0.20256439543854615, 0.09596929987607959]
[0.18471902394680859, 0.17792491312186945, 0.11250086783288579, 0.180111379566965, 0.10584508744296925]
[0.15435163194345353, 0.18286459684190717, 0.14317031548016626, 0.1538265402197332, 0.1286750503157072]
[0.19063930218124187, 0.1407847219558614, 0.11884667825813927, 0.11412205234919444, 0.14122835680708987]
[0.14777395752432287, 0.11055884211510653, 0.11608518294930499, 0.1575774807960348, 0.10820621309939206]
[0.12142049270310515, 0.1645448177198765, 0.09920827571116894, 0.16424921670394668, 0.13845887096694254]
[0.15196158002909665, 0.16646347294046898, 0.17371673503316376, 0.16782719684310257, 0.11906782439377432]
