
[0.16288712697362887, 0.15512933923968497, 0.09458100218784334, 0.13787273919635032, 0.15409486258491475]
[0.13814237468858612, 0.15268840985628754, 0.16515995099663563, 0.1697126658178369, 0.15877196219466846]
[0.13291108850883881, 0.10761697165767196, 0.12539411264122857, 0.13278194124872444, 0.18809742839557575]
[0.19102073312114687, 0.15541621409253972, 0.12290886488143613, 0.16176400506396202, 0.11190261542255169]
[0.2072040425184911, 0.16942758029545169, 0.11888752306391454, 0.16863070527995888, 0.19054200802501883]
[0.10255916106456325, 0.16248876693836337, 0.13535339214776418, 0.13750729761668043, 0.14975643360279556]
[0.14216363074795377, 0.17877721391053072, 0.12069716016834434, 0.12412961019693733, 0.10660324507265019]
[0.1260117960131192, 0.08837391899416744, 0.0876321959571731, 0.1573886685890191, 0.14058774806294727]
[0.11496981706505056, 0.13581586893585496, 0.08250229937695491, 0.1571504921599537, 0.14009149632272977]
[0.14007084579393994, 0.14533168197132773, 0.14696317549799562, 0.13424987141620304, 0.12908771442068598]
[0.16236641037761967, 0.13038057165120484, 0.1114785630254924, 0.14760542911449806, 0.1438768906776875]
[0.18262028584853032, 0.08732566585720156, 0.10328048910939061, 0.16305275696305474, 0.10166056540313514]
[0.13722842067047644, 0.12033613483822965, 0.1121546508116055, 0.1624627553373708, 0.10465938335756295]
[0.1139819083609011, 0.13766454032295491, 0.06805929143370859, 0.14894883962766003, 0.1408533593967222]
[0.10978395283110041, 0.14418837693310624, 0.1343887919052912, 0.14370520488941077, 0.16081656957555016]
[0.17502502625790245, 0.133982261051807, 0.10011214936260149, 0.12809945449845642, 0.16709528240550142]
[0.09188122140894274, 0.15313371528458192, 0.1540723027436341, 0.14662256772401747, 0.12028958905250312]
[0.12755349682359607, 0.1900612268385265, 0.12071870636995645, 0.14922543746271183, 0.15467474642963855]
[0.10855326280541572, 0.10925417422640853, 0.12937907826911962, 0.17913234831746305, 0.13943064667658436]
[0.12128865203709928, 0.14257126285366417, 0.10004301036444933, 0.20019604768286356, 0.09576012477895239]
[0.16857566770715698, 0.17597018107093426, 0.14044634476886905, 0.13565012119996472, 0.154622168694801]
[0.1761755135071429, 0.10435106509749045, 0.13800783600301508, 0.19356358873791052, 0.16985314099628737]
[0.17520031742615091, 0.13885976279431844, 0.15178856459265755, 0.14716467033381198, 0.1152028501095184]
[0.18173488886367373, 0.13062173431806237, 0.11437896006298735, 0.12215809394277627, 0.16365317156249576]
[0.1337559368269127, 0.13542522509799987, 0.14243279416558152, 0.15095241885529834, 0.1674937383776235]
[0.16046286476452795, 0.1134841815331877, 0.07020997007818548, 0.1633213438608553, 0.18125554017010698]
[0.16195481688004348, 0.16298357310672976, 0.14543070099077518, 0.1681425504337588, 0.10499755452004816]
[0.15981274220657044, 0.17290599066613171, 0.14273052126428065, 0.14088929460340854, 0.17144998968501463]
[0.12778599091594264, 0.15401069978494586, 0.11883467694479191, 0.11741195835794004, 0.07474640111974462]
[0.18730383874693965, 0.19563586517012613, 0.10345318434526211, 0.19759235952618995, 0.15265085929852806]
[0.1619035288702212, 0.10405958212220577, 0.1113929091924794, 0.14598428564516727, 0.16719825703836969]
[0.15435277993659402, 0.10323593671930689, 0.11766268028175761, 0.18568109706642197, 0.09587434777143806]
[0.18035241632743254, 0.12262464531025903, 0.12755328697173438, 0.17899784760684134, 0.15926731632050975]
[0.17487041616163787, 0.19357502362722404, 0.12102736353071626, 0.19798052463011143, 0.11731567536441316]
[0.16456679195571608, 0.18077949193677834, 0.13764278718375814, 0.15703455052959314, 0.11916911519264323]
[0.20938794594491641, 0.10936249164537976, 0.14714922731885596, 0.1547279431198117, 0.0947728465992491]
[0.11343023878089264, 0.11003512426374534, 0.12810984942339237, 0.14665674562457504, 0.10648823988283132]
[0.1822179844540795, 0.13204709496841, 0.10410235166086022, 0.10617309044298584, 0.11314670454547847]
[0.17234476957990136, 0.13652568552437677, 0.1890150823906366, 0.1714588667863744, 0.1500262533921108]
[0.15643581064959672, 0.157252245166204, 0.14731659014611512, 0.11547475172606779, 0.14090914520784892]
[0.16357333106493874, 0.1266823974182126, 0.16051905009214693, 0.1471128714546086, 0.12882489401601957]
[0.1663503147776823, 0.21279725590669152, 0.07712455103223302, 0.11002820441805149, 0.10633711737530979]
[0.15206978847149039, 0.15031672957790035, 0.14576750745598482, 0.14362600177688792, 0.18235396598463702]
[0.13474259517420065, 0.14890115479227994, 0.17314354313106342, 0.14763687878573195, 0.09482931976197259]
[0.1562892097160103, 0.14267103369447476, 0.14715263173688747, 0.1637990781195456, 0.15206290486130522]
[0.12724773885738763, 0.10569045404026921, 0.1303577320573264, 0.13126662429344113, 0.12927180410878084]
[0.09104530482178225, 0.14477899699211705, 0.16065493927379806, 0.14385445768278565, 0.12557861163185902]
[0.1858697755106319, 0.173701832213543, 0.16464818503915654, 0.15539922084800514, 0.14819695719941745]
[0.1358832920755911, 0.14059169076929012, 0.08363711211382001, 0.15286810211836582, 0.09120916014406423]
[0.21125040327571187, 0.11291904643298814, 0.1557594966664408, 0.16440082323981833, 0.17424858444763727]
[0.19295193788273976, 0.1461141496481864, 0.12526533790144614, 0.13515374468330027, 0.11926046739337096]
[0.1600252438858059, 0.11565312297836046, 0.1568329196046888, 0.12796221769520044, 0.15824850136295504]
[0.16681556375352863, 0.17588760261720093, 0.1510064095980115, 0.15372080547942393, 0.14577948267931545]
[0.12011282835324331, 0.1531702518512633, 0.14869236962283597, 0.11689276296431278, 0.09546935752668498]
[0.1832602737114653, 0.1917796698062739, 0.1369392735215658, 0.15131215554318753, 0.08636337660447328]
[0.13466943274235044, 0.09059641950632849, 0.18074037339439464, 0.15582892860715147, 0.17197128383352336]
[0.13364172220475667, 0.11428138711553022, 0.1402446568889608, 0.17304509335101137, 0.08392994129103028]
[0.19625214028800625, 0.1364950953598651, 0.10249796074110373, 0.1298922902751406, 0.13995604217636803]
[0.16749080486548001, 0.17691602407678989, 0.11929264141185537, 0.142152934652418, 0.22324547245247045]
[0.13351925657775407, 0.16442368311188876, 0.09857223899510446, 0.07715881489197855, 0.11170768938634625]
[0.13342592562872405, 0.11196275236471515, 0.12808716177188412, 0.15098670064501418, 0.11816367916342298]
[0.18458441745273885, 0.20988268389212456, 0.15210617748409705, 0.1651185906812542, 0.15493837693402168]
[0.10856349636019819, 0.16303313602581052, 0.1685911402470184, 0.17275032596024847, 0.13646317180824824]
[0.1124927367004742, 0.1270653789677001, 0.11294628128715545, 0.15479236530593654, 0.17914772871744725]
[0.14878136374358564, 0.16662375339145868, 0.1199659679253717, 0.1485310949306112, 0.13886857655955168]
[0.13649164509860978, 0.13355515165466114, 0.11429713170579055, 0.13621196701244698, 0.1305487890948886]
[0.13594024258173507, 0.1860575488934606, 0.11831649842407568, 0.18837225284371129, 0.13925305809812422]
[0.14811349508151442, 0.09330868664905492, 0.1543372425537099, 0.21810099068633948, 0.13428858744130856]
[0.05817727109335402, 0.14470481434951468, 0.14027596016120825, 0.16083008919930863, 0.12470383301496021]
[0.15156047996969485, 0.1235619184021284, 0.15328757193277912, 0.13874396827562607, 0.16124807768384128]
[0.18951712018241693, 0.17596845728033286, 0.11154703447071146, 0.14335364631270386, 0.15753843299522616]
[0.13823812983182654, 0.12637050794186405, 0.24661339616723246, 0.09955453006072584, 0.12332220287589817]
[0.16544215995246017, 0.16178607606511125, 0.12209257378550166, 0.11682076208437552, 0.12043223855114092]
[0.14834342697648845, 0.12004683866802048, 0.10896180925979716, 0.11895944206859427, 0.14610909378305187]
[0.11307082642586727, 0.10322887232959041, 0.18302248096801046, 0.11576405634654006, 0.12446432227946742]
[0.19612107835753007, 0.16994776338628964, 0.14101825084449493, 0.1656957930611632, 0.1736403208224217]
[0.153962939124713, 0.1296426938223129, 0.1263943455548351, 0.15728139700057536, 0.1335274949361776]
[0.1530977511287367, 0.12238470545555813, 0.1259542319991669, 0.17916190979926366, 0.12262972966769682]
[0.1967166444288017, 0.11044091589170442, 0.1327498855559952, 0.13191516569030917, 0.1718273140548232]
[0.13647308164807584, 0.08549381876438371, 0.12141978121759675, 0.14606406504831088, 0.22257471626855435]
[0.16242580004309576, 0.10815681385902406, 0.12756504645293282, 0.13942345232342215, 0.17003673097016522]
[0.18716919479920302, 0.1785764284608334, 0.13537479492072435, 0.1758755988759969, 0.11445897180781461]
[0.14065255938274351, 0.1340598032996666, 0.1788476286225065, 0.14781887000724486, 0.13860478313202457]
[0.16934588446680016, 0.15645748540124366, 0.10962942541729857, 0.13723253058042956, 0.1266020466635171]
[0.12322421853442068, 0.13234975533805537, 0.15507434414294596, 0.14796804791904977, 0.15367002910559227]
[0.14962347662447426, 0.10687262983717112, 0.10364857165080282, 0.13364942310274192, 0.11867481333272512]
[0.13229104515431203, 0.12259827329747709, 0.1454674897912498, 0.1306809555128751, 0.18908278246758167]
[0.1398877050836743, 0.10771131053659486, 0.1183499040051259, 0.1589702406179846, 0.07753850327141693]
[0.11470563382720679, 0.08594028382685656, 0.12031500499104232, 0.16997492001628284, 0.13902375881737547]
[0.14325970972678695, 0.13305152901441405, 0.11114903222654254, 0.1959850420187249, 0.14638022631133576]
[0.12617285271383552, 0.1729152549085934, 0.16036988490464912, 0.1522297720058079, 0.1106531996691425]
[0.11455987865933803, 0.06506968788581186, 0.2122523753218483, 0.13512278374398806, 0.13327224666159662]
[0.18403582124809556, 0.15776716925636455, 0.1906436678174373, 0.1226520910855133, 0.1631397798396125]
[0.12241772575928755, 0.1626713300278972, 0.18017655277178268, 0.15179403654378998, 0.1717641264969082]
[0.14726498011132116, 0.14288487162099964, 0.11985731568419752, 0.17345880786360118, 0.15001585188038769]
[0.1425830090159658, 0.12656364470836642, 0.09088544121495702, 0.15448773765234494, 0.08660567983434574]
[0.13907866016319897, 0.14628651284232583, 0.1419128473854734, 0.14958713250061012, 0.1022919958862425]
[0.1260172642956952, 0.11638270977293175, 0.07159440946223691, 0.15977237479024387, 0.10203885824682525]
[0.15066010637984173, 0.16028257397780096, 0.1310179879567275, 0.1425077979318232, 0.13228898284478585]
[0.1377723550928778, 0.12488424452445306, 0.1421501377978563, 0.13877402695658486, 0.10274187037454237]
[0.14775344423187703, 0.11406010198977987, 0.1318819907955916, 0.17521439449429568, 0.10423872432303868]
[0.15901867506049575, 0.13064286103283448, 0.12847713583401998, 0.10996260085014067, 0.11774882813887537]
[0.16209600792792103, 0.1346047753179637, 0.13025567196989046, 0.06541819520816987, 0.16095316166687657]
[0.14546349233478725, 0.12675833182342144, 0.10761058878159373, 0.13148105891439554, 0.16285326873137712]
[0.17501685098545613, 0.1273615155136417, 0.18314012307189656, 0.20827756578795265, 0.13003663696258116]
[0.16695528876204538, 0.10106153738863011, 0.13446329091747594, 0.1711931213183718, 0.13177610212722884]
[0.1495714434054288, 0.12915013886638843, 0.11095557617380288, 0.16878580101907667, 0.1347628454632913]
[0.13017141497560317, 0.13640582973555257, 0.15497406759921456, 0.11558414124553043, 0.17280438290211883]
[0.14299518800965078, 0.11733325480035114, 0.15644499121058048, 0.12846441279286996, 0.10804271055772625]
[0.10102106687610353, 0.13515330744060497, 0.09506492516673404, 0.1408110956733997, 0.15092518394686888]
[0.12062327700109514, 0.16770256771694592, 0.12263787057384533, 0.19541072126982692, 0.14776886257245364]
[0.13638883435463656, 0.08006405467330946, 0.147959129904874, 0.1526307195134664, 0.1636316993074907]
[0.16904800550149507, 0.1473778381817023, 0.10710727812844, 0.12341758425481768, 0.12632362756734422]
[0.18551031421282266, 0.10455900086622273, 0.1225708722563615, 0.15406269740547018, 0.1487467295377141]
[0.17481740383565678, 0.13815888782916041, 0.13230822596809705, 0.14349653469441306, 0.11148684080044761]
[0.12580730289101175, 0.11360275624530655, 0.1487746538205036, 0.13291468541960547, 0.14463269700705095]
[0.12649931375992832, 0.13867152248322873, 0.15709029621226184, 0.11356997516999842, 0.14250034060449557]
[0.15278116613062284, 0.13701423673251523, 0.16109933106181368, 0.1510127167416223, 0.16304526077835657]
[0.1875732813286204, 0.18910492642829912, 0.14175734308168486, 0.1313415620889261, 0.1591762332474611]
[0.11461069658983054, 0.1625987424756525, 0.10547720498875303, 0.2014549436809648, 0.16262745884312005]
[0.14809953341399093, 0.10431276547778008, 0.0962492695332081, 0.1006858895872393, 0.15106815132428797]
[0.11040263174138844, 0.13764776329360742, 0.10966382896943652, 0.16881890727748114, 0.09389568815093786]
[0.1462915879833339, 0.10708351928579565, 0.1495619947732166, 0.10276292109681379, 0.1716814557291514]
[0.17237792335634036, 0.14577342007051053, 0.1669956258689581, 0.13020102662715843, 0.14818499256773957]
[0.12798032477598165, 0.14718809779374561, 0.19212458974841276, 0.14784034962424203, 0.16606866308926835]
[0.11142013598746477, 0.14766514769766814, 0.13058591237922929, 0.13354757867389155, 0.0870244671791091]
[0.12627001566687654, 0.17688143523411579, 0.15280356985466456, 0.15542537365785783, 0.13481469795569243]
[0.07665129470527303, 0.23813175697038763, 0.13027948906020873, 0.16108586844973366, 0.15101393697756058]
[0.15216117733072995, 0.09646871650883963, 0.13959318610685092, 0.1714545941433897, 0.13407802929337673]
[0.15325969581396054, 0.17122491690460862, 0.1786937389357375, 0.19085526408173714, 0.12083208873826838]
[0.1705885777124711, 0.13367672835878608, 0.17008611228056594, 0.11938019605746789, 0.11933707738102982]
[0.1467324293723908, 0.11405830200532711, 0.14486342335957877, 0.17136072830148028, 0.2366634454799233]
[0.10936867850037019, 0.1699638357077904, 0.1395788221241062, 0.15665936219936974, 0.09692308753059782]
[0.11916449378474707, 0.13062564622361053, 0.10922713002455174, 0.1385719104031284, 0.10760237281793474]
[0.1530032015083743, 0.13026097561586736, 0.10126157085266002, 0.14980503439236229, 0.14433958306523414]
[0.15721358924742931, 0.15232544104403475, 0.10366594999868771, 0.14012759769716857, 0.11661426965333758]
[0.14405132670706564, 0.12456248158990035, 0.15626200533849166, 0.1631472016940686, 0.11620378956510345]
[0.09833011920538433, 0.17742096190162307, 0.12319535512157069, 0.1271484609763239, 0.13487418993067107]
[0.12582563665230995, 0.15519244144326458, 0.1483721981283365, 0.11955902715824682, 0.13802776931610095]
[0.1392047319604767, 0.17020706587704557, 0.0860357496015682, 0.15706694380229097, 0.12533801499486263]
[0.1004396966870294, 0.1505232667797515, 0.12094094362567771, 0.1703672512482872, 0.14419714626244284]
[0.18298671222907492, 0.13932914683654174, 0.15107521410965186, 0.17879522719678526, 0.14614655583814373]
[0.12498775702016465, 0.13478425403935004, 0.1747307665683118, 0.15006610523811953, 0.12969475928042037]
[0.10851282529721949, 0.14529643360958186, 0.12319670062624777, 0.16780328367873384, 0.10748787798482574]
[0.1718704767417057, 0.11437703569820735, 0.17346667166291574, 0.11351755273715827, 0.11594827234305471]
[0.15789510474466828, 0.13944912950007288, 0.13626880993809085, 0.16597031599578924, 0.12017786242495644]
[0.14786301007561425, 0.1913859132065281, 0.18994715297941384, 0.16979212882726216, 0.16318248320512385]
[0.11084964105158601, 0.15210940917466784, 0.11498942175629955, 0.16707201084239448, 0.15135472856666907]
[0.14569586016322533, 0.16082797259966466, 0.10008856650408451, 0.16737893882790955, 0.1741156720043775]
[0.1379939459245756, 0.14779765031296815, 0.12621477896599487, 0.12810951082549746, 0.14113558019523334]
[0.12852120452628965, 0.13804414452881805, 0.14042868904883524, 0.101852744673879, 0.1765404706505749]
[0.1464993707065814, 0.14802486040157423, 0.18436503706382118, 0.11020956352317689, 0.17392921233962477]
[0.1942285638859497, 0.11351189220942463, 0.1785482387411768, 0.15403367980895574, 0.1313766717278301]
[0.157702881594198, 0.1491360099338651, 0.10158908427935914, 0.18893862678529308, 0.16184690703360197]
[0.15162387711449418, 0.15808894870562007, 0.11092843586799411, 0.1369616998404309, 0.15278124191122805]
[0.11300559549162686, 0.11285308678744342, 0.14133109505802796, 0.11662531230848512, 0.14046353453550017]
[0.12800846989983816, 0.135421881376832, 0.10665668706511444, 0.13917715158295482, 0.224063860747643]
[0.11279155017822982, 0.1087891898310066, 0.13282191125005025, 0.15351198761057275, 0.13827220890065745]
[0.16998278599048047, 0.1760280765807006, 0.1393612888415034, 0.1733254136973775, 0.11043527216606078]
[0.227731587244197, 0.13272913462895822, 0.17263463627090508, 0.16705386533395042, 0.10177866886287748]
[0.12967650845658543, 0.1327632462888131, 0.10414310952515501, 0.14176725039062976, 0.11718550712139571]
[0.1555180992037976, 0.11729829781333584, 0.13481705534013352, 0.1528964114955633, 0.13360323252634201]
[0.15058232471965846, 0.13314776715189808, 0.15157678988153753, 0.18780046769659262, 0.09099071963557014]
[0.131082766677565, 0.15440766788219468, 0.11186441734290838, 0.15126734041011383, 0.1612911605029555]
[0.13438227639315095, 0.2051333732997506, 0.1470207964928393, 0.15594419526915998, 0.16883220741697944]
[0.15158330444426832, 0.16659348947719868, 0.15460474312083847, 0.17224012306383896, 0.17199652724346656]
[0.11438777109770604, 0.1857214796066617, 0.08205152702534016, 0.1581228671240542, 0.10773730168871365]
[0.19819965543113938, 0.13603446522043586, 0.1958911718457144, 0.14568702786848728, 0.12472196656644507]
[0.16880317928017607, 0.10430510083292514, 0.12131162720210802, 0.14773125070724782, 0.13530929906494019]
[0.09338479985869474, 0.12346789329876881, 0.10521425020853205, 0.12257394007122518, 0.11916958201997194]
[0.137797043935453, 0.11529672209050695, 0.17796069260348835, 0.16620827438986796, 0.14114370014690436]
[0.08743328516517443, 0.11195936357636517, 0.14121287884690376, 0.1398990533999555, 0.12114067937285429]
[0.18127002185688518, 0.11830583021080718, 0.1271972772330602, 0.11248994347555584, 0.08509526830662338]
[0.13843836197730025, 0.13251138992330586, 0.17820920451365338, 0.15118567131392469, 0.16680425197114013]
[0.11812689659461206, 0.13961259576188265, 0.1092349975608202, 0.12472453699435802, 0.12120177894289094]
[0.14477199002796828, 0.14964055991744582, 0.13391928192310515, 0.13754613775871957, 0.12454670531676082]
[0.13713507364345653, 0.1868267446777175, 0.1324065069460446, 0.1303605195729711, 0.18324734253279734]
[0.13308123034746458, 0.08970892180764263, 0.1042950752115538, 0.16717212143261997, 0.10847434716406681]
[0.15626051904697733, 0.17248367942525236, 0.12247319775569064, 0.15143337582818248, 0.1575705188849748]
[0.17456231753402568, 0.11713744615954882, 0.1759768284842023, 0.18040421717287855, 0.14538650343546464]
[0.13770191998960507, 0.14752540068371797, 0.13309710610248873, 0.1367925083591628, 0.13826518201969404]
[0.14382798177552383, 0.14098766404359986, 0.13778704249667745, 0.11169871203272876, 0.17481728921746595]
[0.11664365071273584, 0.16492188505693017, 0.14216028928548746, 0.146878095674878, 0.11770604156051202]
[0.1561651020918152, 0.1610475994639563, 0.13514900721018636, 0.1479504106645111, 0.15652830676320048]
[0.16296316806630828, 0.13826791459081575, 0.10249697233054865, 0.152354157917568, 0.10808265373454946]
[0.13801333438160934, 0.1315330673671273, 0.1446546924309929, 0.16324469326937338, 0.13000453676877277]
[0.10412528155726221, 0.10697580471423451, 0.09144585284619763, 0.13078209761127754, 0.1291219834989108]
[0.1513200486539892, 0.12100365427823996, 0.14882399374865302, 0.15815910013792212, 0.13308583607762217]
[0.15064814933462614, 0.1562232452193764, 0.11339309108522838, 0.11764184420364594, 0.15739598956586912]
[0.1533362305319573, 0.16181961826009025, 0.11684724355898665, 0.14412530361173062, 0.1265498727384669]
[0.12400351441916466, 0.15143848320572273, 0.15012365251920246, 0.09962835941294004, 0.10072603794261556]
[0.18442207670813038, 0.1357226054633729, 0.15302490235908286, 0.1395068855746907, 0.1119018696837427]
[0.15754739572957693, 0.15859360495858513, 0.13976743406218023, 0.2156233960470036, 0.1106022498953059]
[0.1611540565416535, 0.13837236373813164, 0.11284550290559923, 0.17369908236956727, 0.1551857643461006]
[0.1855589508584736, 0.1978250061945082, 0.08216484393744754, 0.16563571174230898, 0.1130561997420031]
[0.09788502509125922, 0.14069783373657238, 0.10244048145777686, 0.15595215420095057, 0.14771746535655303]
[0.15764021904466177, 0.18949108024337086, 0.10602546303207579, 0.17115918983339154, 0.1019363974238987]
[0.13292382499680794, 0.11918708357767475, 0.11264632207678231, 0.13930648183167127, 0.1408937921110537]
[0.13010517517697542, 0.17788113244444065, 0.18931246113028724, 0.15362292032883199, 0.09438774676244921]
[0.22595808274686932, 0.15802746629973013, 0.1673222774812157, 0.1180313714731018, 0.1867980118232969]
[0.1963164864413081, 0.12210201805554745, 0.12866268178823484, 0.12620525474295816, 0.13839464626185316]
[0.1530558255908059, 0.13245160119417432, 0.14037394958551555, 0.19178445038719927, 0.11885217154402637]
[0.1633742869746046, 0.14216523886808902, 0.14068827774463186, 0.1305068781205559, 0.13740429536591253]
[0.11760456367195844, 0.08526722218231425, 0.17127299325991885, 0.13980690524645337, 0.1482482351124319]
[0.1062393074853948, 0.199744646294638, 0.11281455107844617, 0.14479285122189642, 0.17439299389324342]
[0.16251523061172937, 0.1526552624142906, 0.05773015733059688, 0.1447666561801877, 0.08658585006900926]
[0.13921020040388013, 0.12659102583145923, 0.12451399092565758, 0.1459891922948312, 0.12987417789265618]
[0.1653141491950321, 0.13874175341519418, 0.13756489773931763, 0.12194788711382547, 0.15945799972192293]
[0.17874567601858435, 0.13027738228446384, 0.18325624478371963, 0.10265130330814369, 0.17610742197489004]
[0.1287666660857348, 0.10768918056892994, 0.14364189177752062, 0.20183902698899928, 0.1560955564222443]
[0.11728649934533698, 0.14720879821158925, 0.09416427820658398, 0.1812575778891309, 0.14638356542071862]
[0.17253161654593613, 0.19335260109072241, 0.13498641873749628, 0.15077209392491253, 0.11207906729125153]
[0.18234394734641968, 0.1386302798360181, 0.10361000636949502, 0.19801367435313422, 0.1545095097226772]
[0.16472575126991892, 0.20442388423578128, 0.14156225110566317, 0.16145353994070735, 0.12106964184646019]
[0.15406291747894751, 0.09737870426572764, 0.11447012333192653, 0.10063776115178269, 0.1541936787514685]
[0.16597032365566408, 0.15037560194657676, 0.07818239455064593, 0.15893274197131407, 0.12196761923795656]
[0.12453856108144506, 0.1323872813489119, 0.13220319944774794, 0.153484069807074, 0.14104369946178347]
[0.18402911381059978, 0.15129434948933976, 0.1436780736078464, 0.16008619736635527, 0.17311470221370392]
[0.1517761937613421, 0.12536551178643696, 0.13243744383170614, 0.169122490660641, 0.1613240713980501]
[0.12974657385190358, 0.16178184135748155, 0.13501368060116894, 0.13712608911235075, 0.0901334420263464]
[0.15031298007980243, 0.1547942403851138, 0.15401885316188427, 0.19754779357578495, 0.15146452337243138]
[0.16258638747069853, 0.12483105183122778, 0.09641837435243265, 0.13527977438995728, 0.10211797665599667]
[0.16793518277252192, 0.10130620936699467, 0.1391318586461393, 0.10753643215891753, 0.1619181162610281]
[0.14340660252743498, 0.11796852617138677, 0.1479467003943391, 0.1723279952179445, 0.22012317132818546]
[0.11466224051496593, 0.11070276172404711, 0.1039231709590222, 0.1216669930951961, 0.1626065379848728]
[0.16937871664028448, 0.1416793795220367, 0.1487909250065625, 0.14328386334987955, 0.12823551751388185]
[0.10626986627222693, 0.13134957033818034, 0.1045248056399359, 0.14995181139522248, 0.15003866509003502]
[0.10393962553926239, 0.10980021466760569, 0.16617098928465387, 0.12116200616641012, 0.15485557978807502]
[0.08407183985562189, 0.12662409225550098, 0.15501837142783417, 0.14085182631764956, 0.129765377782534]
[0.14130821920230902, 0.10660793675568007, 0.16220075006059112, 0.1722920375417857, 0.15064009180218363]
[0.136070228040838, 0.1197776946985965, 0.19973728350035058, 0.13693159023183255, 0.17000350022421504]
[0.12195238280831765, 0.10794093015871878, 0.10087770943431015, 0.1981288936331329, 0.1217467973133413]
[0.1117235304094076, 0.13238072058621886, 0.12300183353782665, 0.1921381589223012, 0.13614202485292856]
[0.12989127883469098, 0.10692132446615522, 0.09905847646884912, 0.17931270856648848, 0.11856141610848939]
[0.14676797499181587, 0.13849567412292416, 0.10202259764488224, 0.1347042351432595, 0.18546957705266673]
[0.08761115684951544, 0.1131496329293585, 0.15614471944752015, 0.1533073489253236, 0.16433162264057952]
[0.13773538168561472, 0.1635894578582096, 0.09696012801803179, 0.13631369049743447, 0.15715367440622063]
[0.1357146820605077, 0.16287956700495715, 0.0972332486320437, 0.12263146284010132, 0.14664181925000683]
[0.13619513228034155, 0.17331872823429825, 0.09847789574285978, 0.16809936422547583, 0.15933367628928735]
[0.10006791421006203, 0.08628143576983223, 0.15705748417095428, 0.10674506835556426, 0.1908672062073114]
[0.1714336584249046, 0.1660097977250409, 0.15826391601528816, 0.1360151922667521, 0.1537993512323865]
[0.11877407721643253, 0.11763132303164239, 0.14139366410578336, 0.18706026839997797, 0.09715316372504776]
[0.18010267988026196, 0.20056102032045836, 0.16177337541816209, 0.16346873545762666, 0.15367312726084176]
[0.13842171430383848, 0.13267338327378264, 0.08777407883628292, 0.16915115913093964, 0.17634934104308084]
[0.15171889960650128, 0.140715940106396, 0.10068788481927618, 0.15623132634459574, 0.15601914002450595]
[0.16196327058906737, 0.13298705193679075, 0.19716915778857128, 0.1666985111785562, 0.14938603936548367]
[0.13640076911740812, 0.17336511077925754, 0.15955401444378067, 0.16250264749098994, 0.11333890546518907]
[0.08949980733792628, 0.1820003295445991, 0.15620808092398794, 0.15378499142741298, 0.10933099885599626]
[0.14297560282718433, 0.11631681514747111, 0.11532241688300486, 0.1562391833567271, 0.14369429207254455]
[0.19854207493779077, 0.12223126393373632, 0.1608367335957109, 0.10192624612740761, 0.15559985838275484]
[0.08928659291796648, 0.12865804989712978, 0.10976177543047974, 0.19212127477212326, 0.0876692328847745]
[0.20746375765744884, 0.17149997202202635, 0.1592987115455364, 0.11790028039816249, 0.1947260826058763]
[0.209458248210768, 0.1387071474330632, 0.13730479577943722, 0.16058405236618317, 0.09348234933753712]
[0.15474527006031236, 0.1536055415921713, 0.14583519346655768, 0.14807041307549365, 0.154468374387013]
[0.10681411315099527, 0.193717774640082, 0.12752946833768838, 0.12660737812767678, 0.10791870751748961]
[0.16210499144481955, 0.15561560563719992, 0.1304862592779317, 0.17411053514658204, 0.14564390009187114]
[0.14893411912346594, 0.1246103448018036, 0.13592123230863695, 0.13918120890990124, 0.14248406039807518]
[0.16422718725329521, 0.14844699606678177, 0.136006374492788, 0.12002780739239877, 0.12840004751439713]
[0.1876123919437472, 0.1791103509157453, 0.1395178032075817, 0.1252571867061617, 0.1381852605912557]
[0.14919345746052126, 0.13817078204829378, 0.12726305031585744, 0.11331045204043133, 0.10476654862967802]
[0.15572581803524072, 0.16357521729584124, 0.1429023888273091, 0.18467149109102585, 0.1485367497177126]
[0.13966419355953907, 0.1477889164205817, 0.15283269060638494, 0.13475176611271864, 0.16187597351201757]
[0.1645295887686589, 0.10815532316289124, 0.11603048135315061, 0.11586050106989032, 0.18207521751628575]
[0.16121597038260618, 0.17423578428323866, 0.16104651846459977, 0.13923918543107267, 0.11873382209584966]
[0.15522079906990305, 0.10365209207723225, 0.14345726308895254, 0.13982947892450667, 0.13643137060530805]
[0.15892958499372123, 0.16694145877367397, 0.11538376078531265, 0.1653853567756375, 0.15435080722900935]
[0.11220082785957305, 0.139812414349526, 0.14342203543736126, 0.24528002841279808, 0.15310162640738526]
[0.15378946084505107, 0.13494898117560328, 0.14309476431504714, 0.14512598095092055, 0.1504731920077417]
[0.07321382876636177, 0.1456572975470302, 0.13528595466165735, 0.1640388136619288, 0.17144166984840364]
[0.10051202215679945, 0.12551867969045408, 0.1106310313964882, 0.16402460875003277, 0.1126898693107113]
[0.13204607919161396, 0.08783760915057312, 0.1115802091388738, 0.15669566124234702, 0.17485325357643067]
[0.1285551044653662, 0.17243426921661612, 0.13195468370441432, 0.16051019702817065, 0.13146406633322885]
[0.16558777662854415, 0.11968231756352417, 0.12799268247699053, 0.17753155955827404, 0.18466736029646605]
[0.15074427719974273, 0.14151305317887297, 0.09149646072702174, 0.18466192732957895, 0.11005997220592717]
[0.1236310295668851, 0.14540654063144656, 0.10326163776421633, 0.18541738437641572, 0.09788067589406257]
[0.17652453646419472, 0.13600924346170518, 0.11401771184103505, 0.12715200648781289, 0.15989656855912582]
[0.17130890148008882, 0.10483443259004804, 0.09036861376747522, 0.19442569782069635, 0.13177441780885674]
[0.13817990577870679, 0.11423382477103601, 0.12504159495721662, 0.15785544884670996, 0.13828513627091274]
[0.08997587455051967, 0.12037896014225333, 0.14771804436269964, 0.12636338580924142, 0.1120216955612864]
[0.1269204628985619, 0.1450416809597103, 0.10943474733667191, 0.21985424023386313, 0.1320273847800105]
[0.1504864682433993, 0.13028826200506602, 0.13131100567313403, 0.16515729684249086, 0.1468131820524734]
[0.1460328523419228, 0.10651786636544934, 0.12195561299493385, 0.16357837305612238, 0.16535356266838888]
[0.11372195397920631, 0.17361090420468825, 0.12940473945265152, 0.10565092879015178, 0.17517278060207603]
[0.15032495686427697, 0.1406518203412763, 0.11925978829055603, 0.13805610468993834, 0.17802257848339406]
[0.14786639557528763, 0.1110471836361892, 0.12601586903943654, 0.19549363170042233, 0.1307764252609819]
[0.14567615620002933, 0.17158937632586277, 0.05713227846959162, 0.1356622691730418, 0.15619086392063578]
[0.16369453684751925, 0.10130159751073335, 0.12814633008888762, 0.12992248121591032, 0.13898485247684944]
[0.11434294861478368, 0.1325056493692432, 0.12705146761319516, 0.1147326500995517, 0.16621514484349198]
[0.18171028290465097, 0.15532433484665628, 0.1521246316272394, 0.0942874313800025, 0.12709450237903497]
[0.14182859884711982, 0.1328993951928107, 0.15584661484210863, 0.1255190073912565, 0.09070707521144068]
[0.14793629052308463, 0.13298847263815727, 0.10890339107258148, 0.21935072176877213, 0.16031479053829686]
[0.13721963195272108, 0.1234694910868005, 0.15409121709765236, 0.14727210890371759, 0.10477665294374416]
[0.16054998246821484, 0.10681289807685271, 0.1557113957744893, 0.13843705321285715, 0.13260551525715458]
[0.18532712265625184, 0.12467667974997275, 0.11745755792580863, 0.18115352361698983, 0.10613199164956451]
[0.14354222978662246, 0.1285673910303244, 0.171671496061031, 0.13490002102909934, 0.11223823146612208]
[0.13373753875400402, 0.15320185855727864, 0.10439213449100883, 0.15571514239968165, 0.16402655849259554]
[0.1627194779252424, 0.1427447654383534, 0.14208124791925153, 0.14496865038724221, 0.13953118346490914]
[0.10409968648443058, 0.13515665969994425, 0.10873064145375766, 0.20355986040818552, 0.12720719898348742]
[0.1399869930174551, 0.12379308670036589, 0.14812154715017933, 0.16554685550060427, 0.156810586313777]
[0.14731654489361656, 0.17336686989863453, 0.10298716894988906, 0.14576728899343958, 0.180403947864789]
[0.14634276710675284, 0.13765712371628083, 0.11254481969364136, 0.13280478887317496, 0.1059295597194312]
[0.1218768759782044, 0.14258213277770815, 0.20582156832699497, 0.15134269949146564, 0.13802141233602594]
[0.11621541911957212, 0.2008900617086222, 0.08591755851021131, 0.11798242875598251, 0.11101272217332181]
[0.13955240666784827, 0.13583118105702582, 0.15088182019365604, 0.10392289558971472, 0.18958456244572175]
[0.1641122027541952, 0.18262556336162827, 0.13272994646715328, 0.1427521514710521, 0.13831784413364862]
[0.14651278934460055, 0.13773378577791665, 0.11132644545300294, 0.11973833591483497, 0.19263957334108797]
[0.10945419502535415, 0.10508859113403851, 0.07458813073605287, 0.14355354643238172, 0.1961769252797626]
[0.13334625477589518, 0.13906882903162396, 0.1507142427771607, 0.16846060970034119, 0.17190395491240085]
[0.1694336425579962, 0.16203347022552414, 0.09678437058400378, 0.12494155480633709, 0.13848611308254988]
[0.08943558602445663, 0.10786918746207948, 0.1689073793067776, 0.14282900072174112, 0.10587493426140347]
[0.13428242030173682, 0.15684696024615472, 0.10220938471071399, 0.11745811903166452, 0.14439200550033277]
[0.13609377352455243, 0.10604635573366224, 0.1841144869016491, 0.15290417005509302, 0.14314216610081767]
[0.1324615716464489, 0.12267246423325329, 0.12041334414519458, 0.1511508315208728, 0.10686769991014451]
[0.1312861537188384, 0.13534591192802162, 0.1304945912249443, 0.1376403899940749, 0.12088991578694099]
[0.15363719054508515, 0.1744943975596047, 0.14900534812145946, 0.13786392525896277, 0.16108996971824394]
[0.15666819152933883, 0.11345967824624946, 0.11855992261447246, 0.1469986167638912, 0.18925551190317674]
[0.1942189304255427, 0.13866799831797927, 0.1456873561998553, 0.20288233183510457, 0.14667160400129214]
[0.17192840436684584, 0.20488915818775486, 0.09005984953613239, 0.11715289841501965, 0.12534740292151053]
[0.1821563024395529, 0.15775326717485444, 0.16774538001812522, 0.14775264579672742, 0.10419663795374239]
[0.16683457156927764, 0.1146377283132844, 0.1665294354991639, 0.17782264293991354, 0.1601313428027448]
[0.19080891227008018, 0.1116952034170742, 0.151051639534308, 0.16592531494065477, 0.13907892474440703]
[0.15421336207359038, 0.16173502977046816, 0.10476104164846084, 0.23151568108438234, 0.13877705219755357]
[0.11444815837703701, 0.17771839551695887, 0.11056403734342103, 0.13818371715712738, 0.16975702444826524]
[0.13188273985973603, 0.20184245843373969, 0.08181891480572162, 0.1902708992920884, 0.1424021524144162]
[0.13078301868872746, 0.1291771278539445, 0.15270814758534745, 0.1590122168235339, 0.1458235980374054]
[0.12049582048055422, 0.2060611127868049, 0.1273451498236134, 0.18049331744290326, 0.17086592123494557]
[0.14042848288608092, 0.14801248657590532, 0.15206530951431796, 0.15224716045867992, 0.14609068499102365]
[0.12609139202847955, 0.1436584363827138, 0.1411166229547427, 0.1593480641731223, 0.137727850494367]
[0.17774446778192743, 0.1068151496126828, 0.07638718917309963, 0.13646542669155143, 0.1579879516268781]
[0.13750750166093037, 0.17892234227485368, 0.15207461844096562, 0.10339754558762475, 0.13838851074322656]
[0.16359444628019265, 0.17843679703979895, 0.12436957745237376, 0.16736382338122338, 0.1341402020395487]
[0.11390318722927423, 0.14342542178148318, 0.10388369378637208, 0.09231773927392666, 0.16030912741899989]
[0.07927990256809964, 0.12491235499520176, 0.1021957131831346, 0.10816012041865794, 0.10439788500156665]
[0.09998156077571328, 0.1273419847983742, 0.15403505716660904, 0.14763310764634127, 0.13093162133739297]
[0.1404936743536698, 0.11213622148973142, 0.12749672633873715, 0.12432305118188107, 0.19195893135206732]
[0.11200307117118756, 0.13604386400393093, 0.1476427734542208, 0.10403576031505171, 0.14084720434714845]
[0.14634249713672876, 0.10538856348579226, 0.14608030828099128, 0.18922336180305, 0.157725285689818]
[0.12121305937205437, 0.13846217993372656, 0.18013356929098295, 0.09095680673508608, 0.1452888709048135]
[0.15340873496829144, 0.17038314451106795, 0.18301079732100087, 0.15869955589850637, 0.13773098148058288]
[0.1567655941995502, 0.1349609814915662, 0.12925329808342612, 0.13393167197428393, 0.1218106211136094]
[0.1571418522420035, 0.10927220616189902, 0.15182098019466997, 0.11396948635337799, 0.12350063944152506]
[0.14396127356687852, 0.15189372217022112, 0.11177941643788432, 0.14796616958017456, 0.17067222356120018]
[0.1398277355623462, 0.16387808052721903, 0.10592016280223548, 0.13994764233343002, 0.1251685485179848]
[0.09282017073351616, 0.16829309903565348, 0.11698158429413474, 0.14660333965794042, 0.16219413550131567]
[0.14362288251494615, 0.15713541745231885, 0.1596911742358791, 0.1588621974427766, 0.14381607861946077]
[0.1627730953525571, 0.13614530010833278, 0.14954541735653742, 0.14881594822250277, 0.11829305672585792]
[0.12293528411040591, 0.14528393722802416, 0.11854205784851639, 0.16533032612862988, 0.11860050778697359]
[0.11899570836910947, 0.17397789202377534, 0.1167551099884347, 0.1345010439304455, 0.13870504322737529]
[0.0996799333008399, 0.11881365133844062, 0.1271753556238549, 0.1338786034145675, 0.14186305595462745]
[0.15640483738779784, 0.13988824790425902, 0.12089654723977887, 0.13457875807036518, 0.17709290574835898]
[0.16606925260764535, 0.16968393269254375, 0.1177141074261943, 0.1741171094578657, 0.12016589334644473]
[0.11851550799468753, 0.1590467245798935, 0.15539560210233902, 0.14994860530923795, 0.17528981264207535]
[0.16064263913876256, 0.1377033300359384, 0.12410922501645079, 0.1500862939000639, 0.13227277352456926]
[0.14940290977912105, 0.17105052974615778, 0.1210052944768147, 0.10861858635825031, 0.09559220244328565]
[0.20697127213781832, 0.10100311603633803, 0.10908762352708952, 0.15328440124908874, 0.1754009835724745]
[0.10371622509389769, 0.15993912862177917, 0.12670141374015048, 0.12965475886907077, 0.10711394873809929]
[0.1800609812135264, 0.11898912168637175, 0.11857596215469395, 0.1897935903412123, 0.12543939408028487]
[0.12687958876538236, 0.12675376851924033, 0.15797590661832794, 0.17903287567602094, 0.14591943587738468]
[0.11829814424222211, 0.12642107287978588, 0.13465958880478793, 0.10494799050583349, 0.15827707878456004]
[0.1576030177228565, 0.14247133193627137, 0.08870156725937295, 0.15743299426738736, 0.10168467568680278]
[0.14469462323743018, 0.1479144888337134, 0.13979133465913238, 0.18059484414615076, 0.1382972835934407]
[0.15212696100668688, 0.09750597423035941, 0.1694801960822439, 0.17144866339460857, 0.1000693984311606]
[0.13212709106881185, 0.10850351616793426, 0.10983332635039594, 0.1920291015986392, 0.08850616173640741]
[0.10657751449824933, 0.11677383813087858, 0.14057570251467486, 0.12550088566730716, 0.15767004636342358]
[0.1322684634219295, 0.13381934615854726, 0.1755085872354122, 0.16839407247756946, 0.11929974063414506]
[0.13536236460396286, 0.16957053839338185, 0.1839059940132078, 0.1254737974408556, 0.12274821416403396]
[0.12549980785926892, 0.20417257884475362, 0.20270818076539002, 0.19597948044595115, 0.1328492387100746]
[0.12367322217387945, 0.17708927023483942, 0.08518670086154559, 0.1437694171437976, 0.12752734330937254]
[0.1281044358489662, 0.14491230183457462, 0.13472364242104692, 0.16566378458924777, 0.13999688719730533]
[0.17938054423805974, 0.15109208292749196, 0.0972703984769391, 0.13831716406470587, 0.16574316035170078]
[0.1268726697137927, 0.1776531977314941, 0.2055425352905078, 0.13635328716639886, 0.08552161721489514]
[0.12043939272208395, 0.11937905808404672, 0.10930371471277733, 0.16228718793746535, 0.15540107426987768]
[0.14200115181246928, 0.15833999957873668, 0.12492713614625083, 0.10168320551033887, 0.10571164076170463]
[0.11760024401344496, 0.14440110529726585, 0.18874189651413797, 0.15064616866781755, 0.16723867317764476]
[0.14749332155936068, 0.15873414263266494, 0.12612693642120498, 0.09960311700148732, 0.13195974425692156]
[0.2005542943066892, 0.1656176480857181, 0.09734743611732664, 0.18729458141519018, 0.1592956789821347]
[0.17310086384214304, 0.15231244524039794, 0.0982616897811194, 0.14156889894245733, 0.14340063256785676]
[0.1516463822689124, 0.12954786103027313, 0.14803646279043636, 0.1297082948478948, 0.13929625298487067]
[0.17088924756965373, 0.125396307535727, 0.11957302717613177, 0.15384347510116958, 0.17271802036586706]
[0.11898756013574424, 0.182535828358833, 0.15376819166061648, 0.15096989395713947, 0.11199704609614915]
[0.1260424763484723, 0.19533302366121005, 0.19084770640128157, 0.13652717517262739, 0.12765837592158127]
[0.15854458796664586, 0.11254602293875185, 0.13787287939140655, 0.19433480121371308, 0.13628918753898242]
[0.1212704968973214, 0.12497225350617129, 0.10263619248211361, 0.14986910359622688, 0.14824181563985567]
[0.1759668200018457, 0.16372689093485907, 0.11983320834620824, 0.16429473000708922, 0.12450728048649033]
[0.13022549674759912, 0.15905954817503007, 0.14542604036812215, 0.10371045067477822, 0.1710875038054368]
[0.14873693577850183, 0.08131358417677041, 0.11317924402817683, 0.11953760746726551, 0.1366319713057509]
[0.10819786987779759, 0.1953403108004055, 0.08659057110646394, 0.10906702520014867, 0.11122169234573907]
[0.10273494925014946, 0.16014430999220394, 0.1269004642015181, 0.15314581779166722, 0.10181676562022264]
[0.1631534100722169, 0.1514996433869266, 0.09895734057685428, 0.17650436079271375, 0.18922843100832903]
[0.15100336550214086, 0.17234797141661096, 0.07153986520508776, 0.10402334471935715, 0.12973112803338985]
[0.15872050831588946, 0.11417815576056398, 0.13306156084114848, 0.14960751150097581, 0.17556497304009136]
[0.1494922583963196, 0.1295337547181322, 0.1439930861466441, 0.18132057087306855, 0.13073623605368873]
[0.13124254844891176, 0.16334018172465936, 0.14791312194994455, 0.1370568685631958, 0.11351961100329515]
[0.12568556196799502, 0.14780824281602176, 0.15671407130293558, 0.13631382922926144, 0.19847783174420291]
[0.15282616886607353, 0.11542360474936733, 0.15329472903911234, 0.17178893189803593, 0.11968681370844506]
[0.13723693960507385, 0.13734879722784357, 0.10646356935989115, 0.15287680844249682, 0.18551166872571984]
[0.14037464203139086, 0.16782035311709076, 0.1404058360917998, 0.12384748736740553, 0.13662231422064844]
[0.13861134930104138, 0.1169895348633769, 0.15059212702254637, 0.2017806958444357, 0.16700315226128906]
[0.15264614373539348, 0.13921130864392836, 0.12921474800380833, 0.1351177303051798, 0.17390792466369337]
[0.1848988048638145, 0.14157416095864794, 0.0791907871385172, 0.11330081083515703, 0.13907479057459185]
[0.19206705261985701, 0.14040806391919786, 0.13179153728031565, 0.10740855610036028, 0.10010682613724672]
[0.1391979513800251, 0.19708534768531846, 0.14997765110946126, 0.13041253143500306, 0.12080842400571767]
[0.14121634676499614, 0.19493809302364223, 0.12392814439825, 0.10851357040173089, 0.1196000820532534]
[0.14989081078042843, 0.1659308516510445, 0.12971602844076954, 0.1609981487635835, 0.09318812809098805]
[0.12897955082767898, 0.17762128664754365, 0.11123340359807464, 0.13661891823407582, 0.11691318082602871]
[0.15739959855515537, 0.16872445072638478, 0.18600050718914107, 0.1996972368438337, 0.09662669366093206]
[0.14967845149564274, 0.14043843783535026, 0.1902294876840803, 0.14567775889184886, 0.11422792446284742]
[0.13706264842936938, 0.1227934165294331, 0.1617447184611446, 0.17033621626270962, 0.15678868451483233]
[0.12059120412258184, 0.0944870810307713, 0.13574185471560768, 0.1848658951223541, 0.13939031059122212]
[0.10604553658597438, 0.13435925667798873, 0.11239692964218133, 0.21913499177500168, 0.1455838404888093]
[0.1611149422778632, 0.1344011347609199, 0.16486829815258944, 0.16771241038486548, 0.14473962489130396]
[0.1373048808634259, 0.10949109183076981, 0.1447098518932574, 0.12719290151618284, 0.1613954355354749]
[0.15990197984466348, 0.16244401412473103, 0.1475581370947748, 0.12336967073092545, 0.17160163750433435]
[0.1860789526588165, 0.12475818251844073, 0.10848217418250652, 0.1732584133525633, 0.12650427414805582]
[0.14127770955896016, 0.2086680474034834, 0.15046018483516257, 0.16033910094363504, 0.11484574980865549]
[0.18390927199853674, 0.11656294915156296, 0.11390984606077313, 0.14801768235332236, 0.12818314028195385]
[0.11932274929713972, 0.12920502199371592, 0.12762483453999898, 0.15311705158977326, 0.16593453287778473]
[0.17927808981046997, 0.10322219321967188, 0.1397198283664943, 0.15164188134582615, 0.14337419580239658]
[0.175787826400251, 0.11893498682391028, 0.1702883295332307, 0.09560410900208868, 0.13786873149623352]
[0.1443539628411057, 0.15370996468614195, 0.1729173121778953, 0.13418278841869022, 0.131300808554688]
[0.17464696803026838, 0.17398148492969664, 0.15796798328439515, 0.11579914665387546, 0.17623420327419]
[0.16074304732754707, 0.1284144659132874, 0.1474465749288239, 0.13993623965341875, 0.16886816604642224]
[0.14841646062977132, 0.12682536294701244, 0.18239134440348906, 0.13035579626397864, 0.13539357401097862]
[0.17337629381276773, 0.09231162012282611, 0.18561214465700962, 0.16455102925464513, 0.12955678679013413]
[0.1333445677157539, 0.11765128167684345, 0.13545673858210888, 0.12069126845093955, 0.12992940638936387]
[0.16013980058631697, 0.18334254939008598, 0.13917185031574753, 0.1520270052777934, 0.11729385241089918]
[0.14389101968454296, 0.1504703434704518, 0.11469501826398673, 0.14891852615114176, 0.11775333079857576]
[0.14438843265204596, 0.17158734240194928, 0.16681303285658147, 0.13830701561711192, 0.1251656559131223]
[0.15468220396044283, 0.15925158677127596, 0.169157202788107, 0.13232329070407484, 0.13801366826511144]
[0.13656331178586875, 0.11102516873571815, 0.10118418106143573, 0.19769698906958355, 0.1401748316202482]
[0.15672267222301917, 0.13271917041747264, 0.1140899171637432, 0.15053179921293294, 0.14847348138011457]
[0.1254571335609343, 0.12384636895333286, 0.09748742699368133, 0.15134709476812885, 0.14154670435157518]
[0.13309986307840174, 0.14672223935569215, 0.1686258762365398, 0.15457862328623753, 0.1485043322870205]
[0.14257008276862654, 0.13177157655640315, 0.1495941190266958, 0.1725262621859828, 0.11431059626898198]
[0.13002763461489375, 0.17147327502516316, 0.175929570024159, 0.16446351593995295, 0.1572377479770657]
[0.12081526420144732, 0.18078861261243148, 0.1336861980281426, 0.1579772559804192, 0.1267949798295675]
[0.10370593418141118, 0.15063883492357463, 0.07727940399491107, 0.1280368738689452, 0.14925093281669274]
[0.15362991612306665, 0.11121068472418069, 0.1227421517371524, 0.16452643596746874, 0.0978328228577157]
[0.13371091969580745, 0.16120824441897355, 0.15319728333301352, 0.17163062287284916, 0.09630008059381917]
[0.15267223664096002, 0.1372512310591947, 0.10640783655753801, 0.13217189631239093, 0.10512047235744183]
[0.18076041441907148, 0.15402348205376534, 0.1168741137063063, 0.2126695821960953, 0.15079370699583844]
[0.10200828261196991, 0.2203689683800512, 0.0951571920688808, 0.1274416209545184, 0.17113597632047858]
[0.17165536621045696, 0.10990660145381034, 0.13909481613886765, 0.11569703002101328, 0.14194689116106934]
[0.17739983681794097, 0.1506644491913934, 0.1621763951903272, 0.18020084489595192, 0.14979660268181397]
[0.1733031251051443, 0.14728597174769156, 0.10452116013360106, 0.15024774402279006, 0.13734054863521272]
[0.15534095258784553, 0.12853415922781752, 0.1344104123536721, 0.17910188077931521, 0.10607000252588406]
[0.14387763206837503, 0.12606274222947306, 0.10574518850389014, 0.10042037290798088, 0.15341315284635237]
[0.18136216693942542, 0.1827788767210907, 0.09325687235825365, 0.15934444570936404, 0.14876374067758344]
[0.16012029088250349, 0.11222074608627891, 0.10164222954662144, 0.18063690626202378, 0.16198636357199592]
[0.12893037546574795, 0.1638368786676884, 0.13671171027798407, 0.18173126721328522, 0.16867943570945346]
[0.12551616013916386, 0.15666424748230798, 0.1038201749423872, 0.16645980478717265, 0.15883693173835295]
[0.18857398331503694, 0.13654286618802441, 0.13772325746469047, 0.1582485606420474, 0.158344704786442]
[0.12764223637701042, 0.19675911350389372, 0.12024505855452307, 0.16730429775327316, 0.1570120083248256]
[0.08923425652870542, 0.15193912699473477, 0.1160635406620496, 0.14111617409687077, 0.13371702659981413]
[0.13507718012519077, 0.12998796831614146, 0.09186185226314961, 0.14084768688521668, 0.1396953194329968]
[0.14404923845694154, 0.16478354257859992, 0.10400048931689021, 0.09645044818311883, 0.12274142852121239]
[0.1028459892631165, 0.12479529782214008, 0.1073601606252383, 0.11342437036296359, 0.0981315150214154]
[0.1416872165076865, 0.07020965434528657, 0.11052781938282188, 0.1630939784953234, 0.1300050523828824]
[0.15872538668283254, 0.1416571811942646, 0.140090386612498, 0.14469504845520775, 0.1154838165941708]
[0.10549696192631769, 0.11085835899682366, 0.12277467496023528, 0.17779982466293537, 0.15147504300166972]
[0.097495966123018, 0.12637154797123568, 0.11952669817754807, 0.12798443384200783, 0.10587142982850593]
[0.09920416001326496, 0.11278926429109619, 0.131878959227161, 0.1899851807729438, 0.12046887464258306]
[0.14027928482858262, 0.08451268179020642, 0.18720963928763665, 0.17295627167042882, 0.1977786376034914]
[0.12969379285874957, 0.1253061982170522, 0.17886879014220344, 0.14996822073087115, 0.15615196387316252]
[0.13200772768949534, 0.10353913103289553, 0.10384239316046057, 0.15702148265397403, 0.09519340511929578]
[0.15685869403675198, 0.10998918259378523, 0.1106085761619311, 0.13308868390838527, 0.1670550771730327]
[0.0856577601961191, 0.12581566235454802, 0.15150933473621617, 0.11146480950713676, 0.1470303044481666]
[0.16600781204266765, 0.1047172342115933, 0.1451346588316347, 0.12618401798101195, 0.174251330290173]
[0.09103159941163488, 0.13098659099844037, 0.12920725969710628, 0.16369971956804538, 0.09998317711861605]
[0.1350536455037439, 0.13928212429948958, 0.10700834991224313, 0.14663681583885327, 0.10572909595192141]
[0.15341978531083952, 0.19273653156400103, 0.10216149607737533, 0.17125699903745134, 0.13492748199800306]
[0.16348999692761662, 0.15609581618876656, 0.1290780282972428, 0.1385958425473221, 0.19143691929954595]
[0.1274865847886157, 0.09839137812025563, 0.14295132237410096, 0.16530044982993916, 0.10094774026876213]
[0.10438614676290844, 0.21401418755379725, 0.1209411159803126, 0.17183713779196594, 0.17496200491663053]
[0.14170893914756252, 0.08551342342856126, 0.17553966513019034, 0.14482300363694564, 0.1083899176452564]
[0.1326601117748502, 0.14771936395422977, 0.13616344480315562, 0.11397402323063714, 0.10634383062253984]
[0.14465074769074884, 0.10853145367424896, 0.18245062821830701, 0.1827301625477824, 0.16480171875899316]
[0.12538452180032014, 0.14591639373769177, 0.11822777599955232, 0.1999103375006765, 0.13164153384868163]
[0.18187645309830278, 0.1679148514206531, 0.13473368082146683, 0.13826283234546097, 0.08759158539539891]
[0.09157004401456674, 0.13636257515039393, 0.1661372827396932, 0.12917554922721816, 0.14908863479403117]
[0.1406765395452506, 0.1571983010131997, 0.14093876959302065, 0.14920075491355936, 0.14358638737424922]
[0.1378983974960934, 0.15709573615898773, 0.14866599414452233, 0.18099899024612198, 0.14522457035385486]
[0.16770307740660487, 0.13670354095650014, 0.13389299439266303, 0.1079732259617006, 0.16768751278071192]
[0.132599550756109, 0.11922752856827727, 0.20615646726507844, 0.18380582231218304, 0.13231827668994817]
[0.15638489517508916, 0.14448164685100007, 0.11431879977115386, 0.1509442869387651, 0.1640506558086837]
[0.13666025390371028, 0.12403408148827272, 0.15966091132587296, 0.13804750941882868, 0.1484092096894148]
[0.1333706756249374, 0.14021766751924025, 0.1399208781187999, 0.14170660418622877, 0.14530485790515785]
[0.11686505234916753, 0.17686160413120486, 0.14748308991131098, 0.17339823630036807, 0.12935728733727997]
[0.12847385895384414, 0.1310943941354009, 0.17563714998070185, 0.16657294414364934, 0.1479770227999036]
[0.1402340340398404, 0.14192333235879928, 0.12464402913004217, 0.12328013237143474, 0.12799243252086942]
[0.15620428913063628, 0.12435403300757907, 0.11868520283113436, 0.12117313789112588, 0.15570983153342755]
[0.09935537142715599, 0.18292054103018102, 0.19219014570345397, 0.15158028433587017, 0.13014440373134575]
[0.16823364087679918, 0.14029036291454458, 0.08131537648997114, 0.1304645857752497, 0.13004557009409817]
[0.09760698498447935, 0.15942615262011448, 0.1092723733671959, 0.11417454540917352, 0.13236651873916583]
[0.17092352680288808, 0.15285697934672715, 0.1389921406032502, 0.15813877142815322, 0.11699845497683682]
[0.1629178249744979, 0.17387343646299078, 0.14491949633878387, 0.11747259095075717, 0.10672037391895896]
[0.11249680530936093, 0.14867079317914147, 0.13249856283251552, 0.14793952027364532, 0.1216057438713496]
[0.18961831024988077, 0.08903172423971105, 0.137420868207358, 0.12436001937927468, 0.11380813662200491]
[0.1714060521473536, 0.10730659333826499, 0.12686279669886796, 0.12665981039593732, 0.11215538170656005]
[0.14576594759631145, 0.0981001401841184, 0.13732964362355254, 0.1306483201216958, 0.13742181849290333]
[0.18245054437062144, 0.15477189969926594, 0.15166505549507675, 0.1720618904423932, 0.15663431581995121]
[0.11020535151515519, 0.1470332983876841, 0.1546945156080521, 0.1586607417397816, 0.08158219490302163]
[0.11430908472826486, 0.09157196569173835, 0.18786171663104567, 0.1686295492297177, 0.16067057893173836]
[0.1275506895743996, 0.1191148624976142, 0.0787554180587999, 0.18451475754998267, 0.12114399045080876]
[0.1289261157853712, 0.12532836626770508, 0.14294249584832938, 0.16889810946869072, 0.07780312630696323]
[0.19830861677161704, 0.17479507799712335, 0.14944965526442192, 0.20802528551631697, 0.18060554806126636]
[0.1031773131771039, 0.16350200223535324, 0.1308297673352346, 0.11899727183914804, 0.16088721621711852]
[0.13676292141303661, 0.13272348662475666, 0.09834411779339344, 0.1264151425258143, 0.19290519251238625]
[0.1617122251865161, 0.13019325852706196, 0.16290897883001365, 0.16966181443292555, 0.14492170118667505]
[0.18176380479269372, 0.09260613659691783, 0.10798306818226468, 0.17566180320910743, 0.11857544308717752]
[0.09151351598762791, 0.17596212974131234, 0.12920550548981252, 0.16239312228574201, 0.11854394035427865]
[0.17929295186695604, 0.19350056016149847, 0.12561393907108762, 0.14574287684421888, 0.14240970578694298]
[0.15292023280125716, 0.14716276884444482, 0.15060951473407286, 0.18262028584853032, 0.1985756886871901]
[0.08489676250849079, 0.1497729617648261, 0.1256028522757381, 0.14098932098971642, 0.1613955148807407]
[0.15534964729533868, 0.14996754179612073, 0.1118544040136512, 0.1253800573143377, 0.1579695385248811]
[0.14335864856593442, 0.11395200078877205, 0.11346564623239924, 0.14978873875940577, 0.17763979215120962]
[0.17782293628223533, 0.12544890147982263, 0.11905672771026936, 0.14588448453337338, 0.1610718188774815]
[0.14781509850652794, 0.14825235631742062, 0.11798904084714575, 0.15013054346818702, 0.15271662232791963]
[0.15691934523491097, 0.18729679715143574, 0.18712285881005356, 0.13324743238296335, 0.16363850397217045]
[0.12311705709568582, 0.12777469148735748, 0.12428829636473836, 0.1342681170164991, 0.166665091427117]
[0.12813530561921258, 0.10824615998311805, 0.15925336906477167, 0.15857190427103418, 0.18332589040753755]
[0.1920663978598159, 0.1118694429859961, 0.10547415198328672, 0.19086151006070118, 0.11384973161735612]
[0.10061330984444583, 0.17769861158399264, 0.11707626360197443, 0.14995690814252563, 0.15873070241336767]
[0.09437526168136814, 0.14614393310539656, 0.09889922712974125, 0.15917761325448745, 0.1396621530655147]
[0.11546051664172027, 0.13471433001402422, 0.10806176194140343, 0.1554593722051841, 0.18477569995000148]
[0.14614251287161856, 0.16928583006418446, 0.11147287625471489, 0.13203624853189125, 0.1359126146890869]
[0.16394507568934144, 0.13530553195555242, 0.1315334926191064, 0.10287878671533592, 0.1277475591555864]
[0.15118356183448511, 0.16161144730742333, 0.15690727960965206, 0.21212202860367002, 0.17389519979229562]
[0.12932073959216292, 0.12710872608012436, 0.15953398863622148, 0.15178598632763915, 0.14907082351407308]
[0.1692425414901326, 0.12790342782479783, 0.1518725340173226, 0.1596935147115671, 0.0948195461617]
[0.10745539757975035, 0.15543543266920015, 0.10738469908302167, 0.14019238819106478, 0.1342450937300711]
[0.16861651230042715, 0.1842186528205449, 0.0903225071789, 0.155116852719251, 0.1458845033331248]
[0.1487991359211389, 0.07859337008055277, 0.09897333645148479, 0.12777120349379892, 0.08106373281743019]
[0.18305143621956804, 0.12700134260630017, 0.1545860376477099, 0.13720863280657838, 0.12404010387829739]
[0.2071787484228905, 0.154731541230247, 0.10429622734573558, 0.14708548271780264, 0.1815088883669519]
[0.09690950646816732, 0.19434756810829054, 0.12783412820911202, 0.15458019554796387, 0.10675878559168812]
[0.08356513766408308, 0.2181363658888008, 0.1348751090058395, 0.12260734240827606, 0.15233069208690825]
[0.11774248603095246, 0.09819726312879047, 0.14620867404021923, 0.14506422209804237, 0.15028012038116184]
[0.1679604318490455, 0.1244082016751586, 0.11480665180392742, 0.09519614013561406, 0.1962908283826007]
[0.152379522231075, 0.1763707102107011, 0.14781192444454685, 0.09759557457794373, 0.11686756643677992]
[0.18539676887377365, 0.15478186914240513, 0.15134139354689488, 0.17514852797815036, 0.18954334797337688]
[0.1462684251051317, 0.1166830527213747, 0.15965854694277296, 0.12187903544273385, 0.15962525385269238]
[0.15145950083676088, 0.1581503841192487, 0.12037531391386046, 0.17425862018409705, 0.12747709106193555]
[0.14991245173973944, 0.10303990812443913, 0.13625530977979092, 0.17839212453171333, 0.15079646293612473]
[0.13938537133089612, 0.15664822840575876, 0.17491579191834075, 0.1798190017081068, 0.13181436553682763]
[0.10127646058651324, 0.1576888010391199, 0.12690032545575014, 0.12109161058737446, 0.11795853044850667]
[0.1382123441666673, 0.14725997024744483, 0.13574465016674173, 0.14047241345758837, 0.16262343426719478]
[0.08886084054572062, 0.143623844249909, 0.12547188605826415, 0.13312971111159522, 0.15078494433174947]
[0.1324019012316042, 0.16800656380152443, 0.08598514612869207, 0.1773773038687581, 0.12884731672018165]
[0.1174550177883695, 0.1366086405174696, 0.12368950102176973, 0.13823591228255724, 0.1310992868386124]
[0.16551532418223228, 0.10251551280046539, 0.15606161279233938, 0.10792289933643892, 0.1430611496653692]
[0.09453011204298287, 0.12967349618113375, 0.13621040008678426, 0.12287799289236752, 0.13224706913167164]
[0.2047959324644117, 0.16799503968773571, 0.09367061947709492, 0.17883188279112017, 0.1567740707437645]
[0.13922965565910797, 0.15527487131709292, 0.13377831204548007, 0.17331768153090688, 0.19673400704249153]
[0.15478784021570122, 0.13527796391622987, 0.10081483475022635, 0.16491720131797227, 0.13987248801154775]
[0.1794592987323653, 0.14688572711338777, 0.1530211155812969, 0.10717429523539786, 0.11362917393206656]
[0.16072011748793325, 0.15355688625529393, 0.12329737762190424, 0.10820241200070446, 0.08019275509559039]
[0.12538954380491366, 0.15216380585037215, 0.1290121128955529, 0.11753902849886973, 0.1711433304372308]
[0.13721669884513452, 0.14243072556404568, 0.13312265587329816, 0.1331774379601461, 0.12709157658303588]
[0.15001620123669207, 0.14554006034644085, 0.10562937432900585, 0.17910564237310223, 0.15182428898583653]
[0.15396741887461257, 0.12929709492869979, 0.12638863488691843, 0.1326851191807087, 0.12885282380446758]
[0.12683888129088694, 0.1227037810154328, 0.13087538167057575, 0.1351963734790222, 0.11760087293617165]
[0.10711133824403216, 0.14913822578752584, 0.09793805517547467, 0.09383469944310441, 0.15354028442810924]
[0.1547695926780748, 0.11113475534062735, 0.15424829323139813, 0.17038164657156832, 0.21585660973568263]
[0.10270842884878797, 0.14770586771133248, 0.16275390900918274, 0.15552418122079512, 0.1261023930511973]
[0.16579695433001468, 0.11000394818981009, 0.10162038766193578, 0.13867370755509306, 0.1312022236761033]
[0.13886995470685015, 0.16037185513895427, 0.14100957478464482, 0.14934703501870597, 0.12210615133269406]
[0.15582898846732388, 0.133496858037961, 0.12342726733282175, 0.207549861441201, 0.15383112895111845]
[0.12498367140173657, 0.1624723625596704, 0.139161453283939, 0.10983347283511287, 0.12622257180854882]
[0.15875038150498927, 0.13817131534417768, 0.11042254048518908, 0.16841434877526673, 0.12780656621628203]
[0.13858989365635646, 0.14283555584396473, 0.131634984247391, 0.1902973312853031, 0.13004997149147762]
[0.16029347287923656, 0.12881984659228618, 0.10543634456570079, 0.14586888004330986, 0.11554040622136601]
[0.1334659634226947, 0.17128512952637678, 0.16873871671207955, 0.1830893527076693, 0.1306341036822171]
[0.15019534563186623, 0.18187849204972634, 0.10995030713637104, 0.11362317250543547, 0.10202787898439256]
[0.15554071616920326, 0.08928158222664227, 0.16479183817595092, 0.17406205829888458, 0.11292516582231565]
[0.15244178434176478, 0.10640394377012143, 0.1535667024053167, 0.08379493047724489, 0.11837936671933541]
[0.13592429032927647, 0.15166502968113585, 0.13727113065601965, 0.19084276213810952, 0.2043346052903909]
[0.12275398180172432, 0.16709891907142763, 0.1461607964280474, 0.1450642512161748, 0.13124535405769416]
[0.09497699595164259, 0.14885036844689986, 0.0987337222795407, 0.1295301620882202, 0.10791679480877411]
[0.1190543506854002, 0.1477848477263646, 0.12867452390463335, 0.17425496044395045, 0.16546273227684538]
[0.15776716925636453, 0.145255808805611, 0.11479834526201946, 0.16766294602700937, 0.10916313101346783]
[0.09721923720691499, 0.11996503839486888, 0.14625216359533097, 0.1586196092621463, 0.1896259047543122]
[0.1789816416917168, 0.1345734609251548, 0.13048894267207853, 0.19522042151982702, 0.15621472758556956]
[0.15168492777825512, 0.141206567242402, 0.12544842083455535, 0.17548714066705237, 0.14553228899263979]
[0.12162562550876563, 0.14652230037260217, 0.09838331436312903, 0.1361930268121444, 0.13503304015910042]
[0.14042333118682745, 0.11793948385113769, 0.1364199799620573, 0.13084690971327576, 0.1621613749253319]
[0.18120396762680555, 0.14338371154175583, 0.11653589897573374, 0.0936910919342941, 0.1852226143129935]
[0.16806578554066956, 0.1273368307494591, 0.1399793485276145, 0.18067024571723142, 0.10653897062110507]
[0.12600625771432486, 0.19366380631869673, 0.16433559045222815, 0.18486085554253268, 0.16730462625655051]
[0.16606582818196391, 0.17731586343264433, 0.1369107290938331, 0.12005981293604591, 0.09015418833878962]
[0.14352575222357783, 0.15102246320439847, 0.1399083001926141, 0.1098294425804451, 0.1552642832390761]
[0.10345498613991214, 0.14671807297037248, 0.12026017249388132, 0.12906316458074424, 0.11979253868312362]
[0.1531727904715527, 0.179553256324422, 0.13711507691499786, 0.14163338475720785, 0.14275403258119576]
[0.13204798333332493, 0.15379409859630813, 0.10395166547186438, 0.13169669841962345, 0.1122644196411133]
[0.1711908881443927, 0.11515079366788414, 0.17599181339512018, 0.09101238438854321, 0.20707716130285234]
[0.1299831967260511, 0.13224165926162565, 0.16667427974623483, 0.16493417473872712, 0.13486767791960058]
[0.18247919076446964, 0.12903282535384228, 0.10390187396751133, 0.1876859778247676, 0.14264174341709915]
[0.19717872854949112, 0.18261887564447543, 0.16125786837500222, 0.1671094369363558, 0.09127480594197644]
[0.14807911356966763, 0.18218296921908084, 0.12234090348815024, 0.15496827418118325, 0.11656697409279984]
[0.14007598615473696, 0.20216745963900853, 0.13756923959042558, 0.11545010074241316, 0.11868232435594997]
[0.12715404628860838, 0.1571418006908024, 0.18200298837964815, 0.1787921393553731, 0.138357818663051]
[0.16017351693851425, 0.11334336691064335, 0.14120627814978504, 0.12702263139031136, 0.20462001936302615]
[0.1222052334358609, 0.16093546499969794, 0.15533634080825398, 0.10851427899148638, 0.08313472572114806]
[0.14851061303191102, 0.11675250709031401, 0.14467590462606453, 0.15857018875654139, 0.12232898228832638]
[0.1358654527874267, 0.14400924881633734, 0.1687769300644714, 0.137599071041852, 0.1728709052756539]
[0.1902190064571329, 0.1538326013666522, 0.13689886602845677, 0.19034969818961106, 0.1152728449710134]
[0.11011239255880828, 0.1010383599934142, 0.13486915710667088, 0.14900077424770453, 0.08217306153636783]
[0.1210373360416477, 0.07732532199508615, 0.15562949222903844, 0.13923768558817787, 0.15309238662729782]
[0.17718955896202448, 0.1282900159291381, 0.150914851879865, 0.1819099421104808, 0.1311469567196039]
[0.10583341563061989, 0.14165251313875216, 0.1329727303856919, 0.14388372127698434, 0.12064577089127429]
[0.14732076605843558, 0.08469211873153239, 0.16422575863712374, 0.12426486599041292, 0.1586602562081147]
[0.11080469468628085, 0.12355797575683074, 0.08666406181223611, 0.1696165892371382, 0.11933232778780889]
[0.16346798912668845, 0.15665185092282155, 0.0880069222357936, 0.14774849518999925, 0.14087796584471995]
[0.12067584024665401, 0.1383322165402809, 0.0879769672407966, 0.16177290500719554, 0.12788209898342962]
[0.15164450461544798, 0.13022918527215432, 0.18140699046356845, 0.17798852285148206, 0.1512279030053538]
[0.19355633118585946, 0.15291434135369586, 0.10177326082848306, 0.15241235417067103, 0.17082310296336004]
[0.1012111100444711, 0.12880401110789905, 0.15147250899286735, 0.1588427523111721, 0.12490691370149831]
[0.17500129501509654, 0.15616966084224, 0.16118503742131476, 0.1704655423665109, 0.13892930088604624]
[0.1827648675683467, 0.13428954037082966, 0.09747734706604086, 0.20319100030464532, 0.1485048724207096]
[0.17588785653282568, 0.13707129039891625, 0.15766159507122113, 0.13368388491135924, 0.10620544995990176]
[0.16087231315653075, 0.10250955119115632, 0.128858666268243, 0.1389829362757016, 0.10545204731751368]
[0.12041395581708877, 0.13181493637483715, 0.11377873068340011, 0.14651246235244966, 0.14444849582607236]
[0.13892265398112266, 0.07226415642435377, 0.15106466148834666, 0.16335594357696856, 0.09342232489598969]
[0.13103979820305017, 0.10941894832250436, 0.10982346537057824, 0.17849063468450818, 0.13910358331518938]
[0.14801402294362667, 0.09548320150526213, 0.12535071166384754, 0.15477415736101624, 0.1241956058323684]
[0.1332708744392861, 0.16361560703815475, 0.14380475852579355, 0.15950439974289604, 0.19469115507257298]
[0.1652144049437647, 0.11525830225226454, 0.08810702550806443, 0.1407187662094892, 0.12031271678769823]
[0.09821690805049992, 0.11274478657427313, 0.1063777689241429, 0.1527690444510922, 0.11652603365103635]
[0.14533386814764346, 0.15502910104434767, 0.11964552174612225, 0.12029877699175337, 0.15259646462757967]
[0.12574345372956422, 0.14362764560269536, 0.09340469727148913, 0.17601722100499326, 0.181383640976134]
[0.20924664359374148, 0.1920132006155857, 0.14137932096240105, 0.1517113396719787, 0.1534256692620574]
[0.1360714282205093, 0.137105836569713, 0.11041631825737792, 0.20032797649180178, 0.1439891481337584]
[0.10106761133360126, 0.1284433860613413, 0.14157916659384162, 0.13677359676545722, 0.12766082213632987]
[0.11028841224154592, 0.12472257628878394, 0.16539980245994326, 0.1861348110102682, 0.1347768446210109]
[0.1499779687806751, 0.11449003816548113, 0.14278471960083375, 0.16277486625203008, 0.16504278755871116]
[0.14225053787876318, 0.16069090794622526, 0.11194107207467573, 0.1852082479411198, 0.11792142465440662]
[0.16734242476623237, 0.16535410234654954, 0.15702496652703501, 0.14667197688439304, 0.10415518851485796]
[0.11120485620866395, 0.17031878521373622, 0.12952239452415107, 0.17356302941471727, 0.16452204256517378]
[0.16898136919126983, 0.12110099845711543, 0.15363049562693123, 0.18378339486184028, 0.15615412560087055]
[0.1288833928238077, 0.16495952969404867, 0.11440775772304426, 0.11830694043952454, 0.12399245620895272]
[0.10711460299665337, 0.11396885684536319, 0.11231313722203877, 0.13967358891155912, 0.15742006378352727]
[0.18407780258263506, 0.13376525387414331, 0.16550054961639918, 0.16433686454804283, 0.15099968428444444]
[0.21043546901137153, 0.14586458644759268, 0.17781114831203235, 0.13325148322199462, 0.0974627101010655]
[0.12053491117735071, 0.11708911794000976, 0.1051246850475568, 0.1333156164788766, 0.12250754769091075]
[0.11088934456891689, 0.15987849039443222, 0.11712716598208922, 0.1419735024567262, 0.1611318191463102]
[0.1421868394053324, 0.16257779707372727, 0.20207234471340957, 0.17266205667821583, 0.11712621668982871]
[0.1677837989083332, 0.12164192301910715, 0.07657650150186529, 0.13440889354876365, 0.12194484742417791]
[0.1926808177484569, 0.1580356099097747, 0.12499204625936983, 0.1394858866563686, 0.20066205083454083]
[0.16475877483910056, 0.14190303636626533, 0.10921729572580247, 0.15809805443553848, 0.17537107149236703]
[0.14167880817189177, 0.13624889029435103, 0.13878316849643682, 0.16137401685233704, 0.15776077031305824]
[0.2033394095320229, 0.11585612044185906, 0.1702024262865956, 0.1504322673641121, 0.1068078944383728]
[0.1776848044358403, 0.14172689265177912, 0.08570934216736095, 0.18542757476799535, 0.1114185521168378]
[0.11911238251126167, 0.17564180695016865, 0.16435356594263692, 0.11859721986010345, 0.14071526951512495]
[0.08638837322161527, 0.12834653960736384, 0.0912891381186992, 0.1582671983220214, 0.16823941329762532]
[0.13475669910787885, 0.0995838304374568, 0.11967640976117476, 0.11524701986776688, 0.0796429767574498]
[0.11668420646329651, 0.1359874020862844, 0.06622608009515761, 0.1423204062544362, 0.20445281528128284]
[0.11636496310350851, 0.18548162646609573, 0.1185295991872768, 0.1319826697591491, 0.1827356506361487]
[0.1392213254137293, 0.14358976662055306, 0.10195530934169648, 0.12374215782710919, 0.10477854944342695]
[0.17209820196093378, 0.133561368577624, 0.15800328234204036, 0.16910704266701398, 0.12507433453167033]
[0.12081506471173549, 0.1870614731847625, 0.11408331048857907, 0.07183662751138976, 0.12298917712933213]
[0.19104705820258508, 0.18397489831347622, 0.17886727976681116, 0.15826783850816878, 0.15768774497087013]
[0.14433490713807548, 0.09310062537111764, 0.11926445921112094, 0.13208026883078292, 0.17209941148173177]
[0.14781624090846354, 0.13263885490657024, 0.17692957072758725, 0.10268554673252621, 0.16047233074394474]
[0.14717109902825964, 0.14412796672250094, 0.11175352806137007, 0.16201739446912983, 0.18258549860887013]
[0.12855944551125906, 0.11950709440342772, 0.09522174088514265, 0.15671904223999178, 0.11746465708991508]
[0.15997960574470937, 0.09897450572178905, 0.09080567125288147, 0.14687370095659946, 0.10001138657052727]
[0.15738920826585395, 0.18978245301686492, 0.1712636388430193, 0.13323178841382943, 0.14586449465484672]
[0.10346757465942331, 0.1600999001392973, 0.18081027821942422, 0.10961302442067812, 0.11963055183813516]
[0.11082451529494547, 0.10517992420166138, 0.18378494692097866, 0.16885014266294257, 0.19978611960039994]
[0.14948911991583208, 0.13140216452902673, 0.11907811071726145, 0.1485454952279738, 0.15056747100209084]
[0.1988248222994141, 0.0858862341446725, 0.15503541275077803, 0.1431761678837147, 0.18809354438880604]
[0.0985641917087354, 0.10270132603640224, 0.15536063363368066, 0.1519521043111791, 0.15239092266041324]
[0.11183893257381261, 0.14377634007318604, 0.16558300118708824, 0.1825296564000879, 0.1612530323005117]
[0.137682750488764, 0.13714107965486796, 0.1101481003532799, 0.13928443697602513, 0.1721875500159031]
[0.11468767078612799, 0.14532323278353096, 0.12327494190893983, 0.15982133293708445, 0.12342290058883462]
[0.10494062395539178, 0.1680896474893238, 0.1371903820013996, 0.1855178667504871, 0.13473499146964987]
[0.10722990958326548, 0.1501426935278365, 0.11361065959483682, 0.17954538534480996, 0.19984878327572614]
[0.18111627857057166, 0.17117751155164768, 0.1289259529799621, 0.13088643155194785, 0.1776025276416849]
[0.13249194231969202, 0.11601575702981504, 0.10552220636628408, 0.15657913026350792, 0.08611288002992307]
[0.13677694743200608, 0.13746971680995157, 0.15388388712153844, 0.18367073408387177, 0.08168042352335417]
[0.1396703176718195, 0.1621107286929928, 0.16288797078407766, 0.1445068622772754, 0.134828222290546]
[0.09517304109903021, 0.11150521219568602, 0.10101940367691549, 0.16163965366429775, 0.16798731653632476]
[0.17450418157975128, 0.14919139337206588, 0.136228737950218, 0.1576887939515779, 0.17442350649198007]
[0.13504463969444508, 0.10048226875493221, 0.13900148338268972, 0.1682810837043857, 0.17572329469922857]
[0.17193457871787185, 0.13997649067362883, 0.16144836916498806, 0.17588361496953386, 0.14015415319053173]
[0.1615826942226559, 0.17548454155601542, 0.10831668410300872, 0.09764049641062181, 0.1018333776431563]
[0.19825559327620074, 0.14011849472075694, 0.14784497514074382, 0.2124273150479903, 0.13223980693379017]
[0.1175588261774161, 0.14459151926230257, 0.19718316755576953, 0.11043577122953618, 0.15606208841654892]
[0.11561769925272657, 0.15304273697945153, 0.09443558935663163, 0.13458103486117776, 0.1397505094887532]
[0.21826061264333413, 0.1287504606588038, 0.15133313809426277, 0.16288651543961163, 0.14199984211950753]
[0.1392419341100241, 0.12963446301194664, 0.15914138288435203, 0.0734537040814001, 0.11376419564482626]
[0.1869116279148833, 0.1191193082065902, 0.0996824464509942, 0.17721786097891273, 0.1540539245833576]
[0.11313281024286974, 0.12256442416841899, 0.15226225488206518, 0.11837160135092173, 0.14784220663695308]
[0.10854602731711793, 0.16890625424493275, 0.1294594028820827, 0.13078659496453204, 0.1561398618514121]
[0.13292783711964298, 0.17229794255763153, 0.08976171319459181, 0.09049713276053681, 0.13897280337071613]
[0.14447681617554117, 0.15526588825823986, 0.17405450560815275, 0.11154584685736735, 0.16901845607892496]
[0.14522553372437497, 0.08768754197317404, 0.10757164532856135, 0.10828218235182444, 0.07578267028349732]
[0.17747125888068718, 0.13538447741433707, 0.08347106271751996, 0.15383842543952514, 0.19027829642426505]
[0.07912634493178904, 0.1553264092066864, 0.18154970666770795, 0.13755614727354284, 0.1413267515995248]
[0.13846477188887965, 0.16403965417883698, 0.13177497701009633, 0.1744231049003188, 0.14717020527008384]
[0.14839194301623668, 0.15454080421103578, 0.14682953777960173, 0.15813620629505587, 0.0938061323680789]
[0.1915487505127097, 0.17137325138377218, 0.16192098290494492, 0.17420133020889572, 0.20225439696224673]
[0.17422015052220702, 0.1272221786114031, 0.16608907220531272, 0.15467337265469275, 0.14651241467338733]
[0.10342081056833276, 0.1235570029307264, 0.11828557858584626, 0.11814495715430594, 0.15413771103339224]
[0.16745495581729963, 0.09630098062886931, 0.11448192874906019, 0.11644755984534678, 0.11193174850123834]
[0.09961808736306056, 0.1414259724516404, 0.11192028825338049, 0.15262222984751786, 0.10085999586216339]
[0.14391225003821212, 0.14841806023497162, 0.17194248509079776, 0.15969997631848817, 0.12079858119366879]
[0.19390038559696804, 0.17106527467672988, 0.12551966222772162, 0.1799189857860282, 0.1319143186271575]
[0.16591004453755437, 0.135220940194514, 0.14959460767526503, 0.13409635663912603, 0.10108920579916507]
[0.16711575367805476, 0.1394397759878254, 0.13010301940478186, 0.10353697644667653, 0.16670629958141572]
[0.1686634007067343, 0.15414960737559094, 0.1222552341339015, 0.11428770596687624, 0.07606560595233168]
[0.16674497803936955, 0.13224957921598499, 0.10576820520971156, 0.17641259826655004, 0.184582175686793]
[0.12136700445756093, 0.11813230808306081, 0.10603656542093703, 0.12691559454336754, 0.07951663854772531]
[0.15591724158532008, 0.14032406335675993, 0.16017359379513507, 0.13404998856539765, 0.10609433750804381]
[0.1167773674186397, 0.1420628149673914, 0.154823808199256, 0.11258001601354088, 0.18819398836034737]
[0.12721572813276483, 0.1057483990755464, 0.12395759761747947, 0.1600252884395782, 0.1416573948371469]
[0.11593028344355934, 0.1259406425622925, 0.1359320353385652, 0.10372012560804023, 0.13030498974781496]
[0.17709092855238362, 0.14854019432806068, 0.21373416337087747, 0.1756489365506522, 0.12181419358173246]
[0.1384362819643944, 0.1419458858116351, 0.14716643878894514, 0.1487337903152359, 0.14248607889388928]
[0.13269435675403105, 0.1311327054020075, 0.12000511477661466, 0.17013859445182739, 0.1382625579335059]
[0.18078339766582582, 0.14858425833057504, 0.1657775307508074, 0.1724231425919535, 0.13065308001187984]
[0.17211690096651372, 0.13082421725798327, 0.12205944689627944, 0.1477059485567116, 0.11443080586018399]
[0.12087044184609926, 0.1609293263542513, 0.07072570142226935, 0.17258356842804062, 0.13004473102032368]
[0.15883980664297973, 0.16527900148314711, 0.150551447476412, 0.14430596041184923, 0.14199360388309015]
[0.14323182140955518, 0.11816363582453136, 0.19172265796967433, 0.155713724848069, 0.15317743147173035]
[0.1521619447181391, 0.15987376926221727, 0.15077274443691563, 0.1886788889393627, 0.09684263790167]
[0.153194180205687, 0.13562820255072572, 0.11349000129820853, 0.1985471665869434, 0.16996649472683165]
[0.19273112069098042, 0.10937704598889338, 0.14562684603792322, 0.12255115720848342, 0.11270006668592948]
[0.1642226250716602, 0.14049545498923352, 0.08486430679019732, 0.15219543107937386, 0.15429476666453237]
[0.15810964178471476, 0.14725754581102377, 0.1561186262103745, 0.17830506905305063, 0.13489877530830635]
[0.13509786658027434, 0.10611997143305582, 0.15785680889052858, 0.15358692895690382, 0.15074321316444053]
[0.10091779056466027, 0.13643839748864092, 0.10296099008450461, 0.17026761215342523, 0.15506643954780885]
[0.1355723326177748, 0.13851700321763905, 0.13696867424013465, 0.17150428505631027, 0.07909804564375963]
[0.22673280157886122, 0.14628820575656404, 0.1109776511569115, 0.15077540700345596, 0.12451855612281892]
[0.13173518564586842, 0.10161670774943388, 0.12662862970298885, 0.08193812363500287, 0.1740419286256908]
[0.12230016003891585, 0.1485617404621345, 0.1359413056905751, 0.1406269420172872, 0.13468948543305395]
[0.15254639573171802, 0.17764865694180146, 0.12566821401009165, 0.1186792967850359, 0.13830763994543263]
[0.1395594710094172, 0.1514855147464671, 0.11723926496625008, 0.11825352555006499, 0.12067243404254278]
[0.13432241500232736, 0.129061725311769, 0.19983618900215167, 0.1464315527669757, 0.09543719397074095]
[0.2086892059458754, 0.18153505657136887, 0.11952132435604078, 0.18310207459734848, 0.11763707822894848]
[0.13219974473673937, 0.10512065480197758, 0.11235643805770713, 0.11701343797967398, 0.1608620360443694]
[0.1319594364799603, 0.10950398009656409, 0.12604517669961146, 0.13208311276322973, 0.11423497868211473]
[0.16253092964139831, 0.1467261871896105, 0.1293611042081481, 0.14659879572579215, 0.13936740311522572]
[0.1469431353663486, 0.14661220826663823, 0.07639097226142516, 0.16814112556750516, 0.12886458998136333]
[0.16235529705035606, 0.13316614619429348, 0.1583817271637445, 0.11316232824863684, 0.1971511542087645]
[0.16202087192348344, 0.15095577554678727, 0.14054454922553763, 0.1554684800083136, 0.14511674571940303]
[0.15019042151192516, 0.11808252164122954, 0.14882554925791075, 0.19030289562136424, 0.14373035478848398]
[0.10985580808164234, 0.12948835062505093, 0.13284504159667393, 0.1339983821851241, 0.15128771145150371]
[0.18819621060645794, 0.08817640832612306, 0.1472133835934202, 0.14101787457033052, 0.11963255494724827]
[0.14784821422506608, 0.16751589343116058, 0.12055071931443746, 0.20658282277138018, 0.15760314240369253]
[0.15197533982037437, 0.14673209990745784, 0.1731822262256728, 0.1523587973607386, 0.1299339711554048]
[0.222786211340931, 0.10992274818673758, 0.211183385321177, 0.15060809159955757, 0.1338461990423458]
[0.13487977446137264, 0.14222927687862147, 0.1013472832628577, 0.13771823681625395, 0.1279056886719571]
[0.14651048171414452, 0.12309665943572538, 0.11304179115167887, 0.1313805697946942, 0.08824509704389939]
[0.08484766398446895, 0.14575295839052227, 0.1410998921003843, 0.16669590967716863, 0.10635587754799797]
[0.1596805412098414, 0.13908163099757784, 0.11976840042820837, 0.14134100417027004, 0.10300289357560947]
[0.10688031121947146, 0.19408590657753838, 0.12967858707590016, 0.18298698481031897, 0.12249836167180551]
[0.12470384459281171, 0.13538751574209945, 0.12900683363416413, 0.1170788136266069, 0.15760360879724955]
[0.1525320904533495, 0.1423813077117988, 0.09230565978690645, 0.16903750377444823, 0.1617076829850867]
[0.16872259885530289, 0.16323660366153792, 0.13384617725483614, 0.13267132902448484, 0.13590182016758254]
[0.10524119443025105, 0.16717160568371361, 0.11265504902648862, 0.14298283815440188, 0.18542056828036246]
[0.12560038146803432, 0.11916859332379967, 0.1565525989025949, 0.11905611034625005, 0.15195167176244403]
[0.15840369663390688, 0.11731226233677436, 0.13886464852485353, 0.1463818853787232, 0.11033980854516123]
[0.13315828474444732, 0.15058794731772954, 0.15103556415144784, 0.13644187179779696, 0.16738724576854225]
[0.12384511988333254, 0.14532571701087388, 0.1717199307776201, 0.10546460065880414, 0.1543238004690285]
[0.14867022279482334, 0.11655971990486355, 0.1391547788587449, 0.12388370449946788, 0.13869740549972276]
[0.19499462510511392, 0.11444400234761516, 0.1401562130816327, 0.08936087127796039, 0.18846840614124324]
[0.10716836851710931, 0.10975287898374383, 0.10128760517324542, 0.11396787543647062, 0.1418024632497519]
[0.1266377554211517, 0.14778790135987963, 0.12459303153989108, 0.18545946713717368, 0.1443640432072716]
[0.12436896515137813, 0.20018364854574494, 0.11606687678545606, 0.11025184948025565, 0.17071202928083215]
[0.1757556799496948, 0.13757507380686723, 0.2003950639659862, 0.1471925889940078, 0.13965429255554274]
[0.1632968184982939, 0.20881494343067547, 0.15189037275969303, 0.14864433832464422, 0.1592300022092734]
[0.10629711361794661, 0.18316186159885947, 0.12695047632146625, 0.15049858290028456, 0.13790746050079203]
[0.15594424032943, 0.09554673794844683, 0.15623617899285, 0.09940226598320001, 0.1946055720853857]
[0.12492966642262401, 0.15763224009465265, 0.13389028558940894, 0.1815735162461898, 0.14595915815029978]
[0.19094304624876926, 0.1423446756909979, 0.15475727420768395, 0.12288476622336388, 0.11653499689909819]
[0.13337772087452246, 0.14432009644735438, 0.14694657564367902, 0.19658061475861494, 0.1865390914670315]
[0.179894655022425, 0.09929975409906219, 0.1164757539361513, 0.1428004334032185, 0.13659456805276995]
[0.15217116427733368, 0.09759596960484579, 0.1239992352393969, 0.17677125851682934, 0.11709347460121797]
[0.1532771076310755, 0.14140110419033533, 0.15168621284397063, 0.12252786057442026, 0.15308710279868462]
[0.13181597182140165, 0.14748039221161147, 0.09499181669780815, 0.15948504319418363, 0.12980151404775525]
[0.1901535051914257, 0.10789997221145317, 0.10608064454670213, 0.15311259334706137, 0.1240424737826264]
[0.1788715176526392, 0.17984438157060173, 0.1309956416178303, 0.1460092815647482, 0.17683752313910092]
[0.11497095466025045, 0.15254611207703037, 0.1613031216326124, 0.1885396247242357, 0.12780126939605027]
[0.16749477891361744, 0.14124394596853063, 0.15874145554393704, 0.10220597810701558, 0.09812279796000183]
[0.16273846852037174, 0.15776741237474956, 0.09681276106174772, 0.14502062156858642, 0.09016081628734166]
[0.1470243201830174, 0.1219114590540373, 0.10569042080056004, 0.18664246955796643, 0.11861326701076924]
[0.13944103848255232, 0.09773487394512742, 0.10857089827810079, 0.1701716444769343, 0.10699453222153846]
[0.12018896643996997, 0.07990103928922221, 0.0874003642039001, 0.10213186973005411, 0.15287641156297502]
[0.14418900829587417, 0.17161993037459577, 0.15869877644217795, 0.19732699941632156, 0.13935152503160533]
[0.15911191812353703, 0.10829250566456895, 0.1546159582838562, 0.18698954390175063, 0.16467565118141833]
[0.14393767185007555, 0.13362971232200802, 0.13473131210297132, 0.12878389355112418, 0.18054857876333216]
[0.15390974287192774, 0.17725362137293915, 0.12079239557658304, 0.11673008254182202, 0.14061778533551014]
[0.1432419908826045, 0.14056503200503692, 0.15511811330551237, 0.11767434542613457, 0.1389901350062727]
[0.1456564518114916, 0.1845705674444485, 0.1652370994491727, 0.1527277879610074, 0.11199145857360442]
[0.08675285746913425, 0.12021018659492903, 0.14651972586508683, 0.12972196231651034, 0.16847454196494518]
[0.15367822354161512, 0.1452624531475864, 0.09148152087599451, 0.1773331286293761, 0.17240939422371562]
[0.1275078988819395, 0.14217218046473373, 0.11000425736166833, 0.1489792696613167, 0.11879898163126888]
[0.16453940014119325, 0.15095104044813243, 0.13146153039163, 0.16714587419878846, 0.13029078876332315]
[0.1573200927947156, 0.1750889345478823, 0.13409073503108598, 0.13688666621678866, 0.12062940609908189]
[0.14898082750281735, 0.15233100842503708, 0.09531256468046106, 0.11837614686234521, 0.12179297117403468]
[0.10982181981403907, 0.1521472106325043, 0.13437118589778543, 0.13743960567113098, 0.10044545270854362]
[0.09474309177742084, 0.12257988111827361, 0.1759201135337322, 0.1076754076799285, 0.12770901581430585]
[0.1946502823184575, 0.10823987736836597, 0.16129043075032493, 0.1586180384213144, 0.14581206954410317]
[0.1655471486135504, 0.17152007298225846, 0.13795668648365703, 0.15505994531576878, 0.11154911444352134]
[0.13580547649611643, 0.1029482482019588, 0.15998931141427936, 0.1072498116909335, 0.08074019125569161]
[0.1898229922570044, 0.13852566391266413, 0.14462908695972598, 0.15700403856055242, 0.14082670091208208]
[0.13861895268284433, 0.08690350049676515, 0.13714469992059955, 0.12999106312467346, 0.11926615217886954]
[0.17525736817165496, 0.13142375516655633, 0.1640504497018101, 0.16272111298228062, 0.12373526174257533]
[0.1450006700622922, 0.13976890836507105, 0.1400818869749039, 0.1724546262395425, 0.15136212388421433]
[0.13531955026326645, 0.12122370098513446, 0.11570064186232402, 0.12713705486617616, 0.13935729133187044]
[0.12940299520894094, 0.10966877711855115, 0.11183792958106283, 0.1409910826504962, 0.0868375319502023]
[0.1566159771514514, 0.13364420405638236, 0.12264254132392541, 0.12558827319242194, 0.15255116540971156]
[0.1560723550259824, 0.11700849293303259, 0.1316887919856262, 0.12674739727676504, 0.13935937252428007]
[0.1088770891347319, 0.20765214484166963, 0.12473843839666136, 0.1316075139705278, 0.12945690439300164]
[0.11504512310759443, 0.10384730265181978, 0.11973625496009488, 0.1315070297074506, 0.1620592882459793]
[0.18917253145637528, 0.1781434427276559, 0.10483385846352201, 0.1495627585141669, 0.16830418235896705]
[0.1807401403097425, 0.14188195939175668, 0.14708499039517814, 0.13385345400240606, 0.13076457635984062]
[0.17576758478282142, 0.10439084692157778, 0.12414412376423725, 0.14431528367527852, 0.16577101554801343]
[0.12836366966538823, 0.18341194403032274, 0.10810477243800679, 0.09218150891311787, 0.10118384116892211]
[0.09430199883256539, 0.1954148390568171, 0.1732334232714246, 0.1841290548928706, 0.15497514301153767]
[0.18009984965217682, 0.09673350784751461, 0.13170942627164722, 0.12251441937832819, 0.17765119141490704]
