497
[0.9541279050311116, 1.0, 1.0, 1.0, 0.9793796030893288]
512
[0.8739729309806633, 1.0, 1.0000000000000002, 1.0, 0.9793796030893288]
483
[0.9671481032749873, 1.0, 1.0000000000000002, 1.0, 0.9793796030893288]
499
[0.8826883396559054, 1.0, 1.0000000000000002, 1.0, 0.9793796030893288]
502
[0.9123005958027298, 1.0, 1.0, 1.0, 0.9793796030893288]
464
[0.9379038225446169, 1.0, 1.0, 1.0, 0.9793796030893288]
493
[0.9633856819797056, 1.0, 1.0, 1.0, 0.9793796030893288]
502
[0.8313625190494525, 1.0, 1.0000000000000002, 1.0, 0.9793796030893288]
513
[1.0, 1.0, 1.0000000000000002, 1.0, 0.9793796030893288]
502
[0.903164416590173, 1.0, 1.0000000000000002, 1.0, 0.9793796030893288]
481
[0.8685458700270338, 1.0, 1.0, 1.0, 0.9793796030893288]
499
[0.9999999999999998, 1.0, 1.0000000000000002, 1.0, 0.9793796030893288]
517
[0.9532990314682145, 1.0, 1.0, 1.0, 0.9793796030893288]
498
[0.9689061037832044, 1.0, 1.0, 1.0, 0.9793796030893288]
521
[0.9689061037832042, 1.0, 1.0000000000000002, 1.0, 0.9793796030893288]
546
[0.9178965857098311, 1.0, 1.0000000000000002, 1.0, 0.9793796030893288]
476
[0.9185091808618692, 1.0, 1.0000000000000002, 1.0, 0.9793796030893288]
457
[0.9355537327966494, 1.0, 1.0000000000000002, 1.0, 0.9793796030893288]
516
[0.9460703254831753, 1.0, 1.0, 1.0, 0.9793796030893288]
513
[0.9358164922372026, 1.0, 1.0, 1.0, 0.9793796030893288]
